8
55
70
71
93
94
98
105
127
129
132
153
171
195
218
253
254
279
283
292
295
328
336
355
362
368
371
372
386
401
402
404
451
453
461
462
469
477
481
528
567
596
634
662
714
727
730
735
752
852
879
879
928
959
963
965
982
1003
1041
1049
1051
1066
1072
1105
1133
1134
1188
1240
1254
1258
1258
1266
1309
1316
1318
1386
1394
1400
1412
1419
1420
1434
1451
1520
1553
1592
1595
1628
1644
1646
1687
1688
1697
1702
1702
1704
1744
1763
1810
1826
1832
1840
1841
1842
1875
1900
1961
1971
1993
2030
2037
2042
2044
2080
2116
2124
2127
2145
2147
2156
2161
2176
2177
2187
2263
2269
2284
2300
2319
2321
2330
2356
2373
2398
2401
2442
2520
2529
2532
2538
2538
2556
2560
2569
2584
2593
2596
2599
2667
2675
2686
2716
2730
2736
2762
2767
2792
2823
2837
2861
2870
2887
2901
2909
2924
2928
2930
2932
2956
2984
2985
2986
2992
3010
3013
3025
3037
3046
3075
3087
3103
3120
3131
3142
3145
3151
3162
3186
3190
3194
3241
3251
3276
3283
3334
3367
3395
3427
3471
3490
3495
3538
3542
3560
3586
3626
3626
3643
3656
3657
3660
3661
3661
3673
3691
3733
3743
3760
3811
3815
3822
3826
3841
3843
3846
3848
3856
3867
3918
3923
3937
3946
3947
3954
3991
4021
4025
4075
4129
4167
4211
4265
4281
4295
4296
4306
4320
4334
4355
4368
4375
4410
4419
4430
4434
4436
4451
4471
4476
4509
4523
4549
4551
4559
4562
4586
4600
4621
4628
4646
4661
4703
4736
4780
4782
4783
4784
4786
4805
4806
4822
4854
4925
4936
4938
4943
4955
4959
4967
4975
4987
5020
5024
5025
5049
5055
5099
5110
5112
5134
5135
5138
5179
5222
5224
5234
5242
5246
5248
5261
5301
5312
5323
5328
5379
5380
5382
5383
5397
5408
5455
5457
5458
5485
5492
5492
5505
5507
5566
5568
5586
5598
5615
5623
5623
5644
5687
5698
5699
5699
5721
5740
5743
5743
5748
5749
5767
5773
5774
5779
5782
5801
5803
5809
5819
5823
5839
5849
5866
5877
5899
5932
5941
5956
5981
6011
6036
6071
6090
6099
6108
6112
6132
6173
6194
6200
6204
6229
6233
6237
6273
6291
6310
6316
6350
6353
6369
6386
6390
6394
6398
6416
6444
6451
6456
6470
6472
6476
6496
6515
6522
6538
6547
6548
6573
6602
6610
6625
6628
6673
6683
6688
6714
6714
6732
6746
6757
6760
6781
6786
6806
6816
6816
6844
6846
6857
6864
6871
6888
6893
6899
6902
6916
6939
6988
6991
6991
6996
7007
7019
7024
7064
7111
7124
7166
7215
7225
7228
7231
7252
7254
7268
7297
7306
7341
7356
7357
7371
7381
7383
7386
7406
7420
7440
7450
7472
7475
7480
7538
7545
7546
7546
7584
7591
7606
7628
7632
7664
7665
7709
7726
7742
7748
7750
7754
7764
7767
7770
7781
7827
7832
7852
7855
7872
7906
7923
7941
8020
8029
8066
8085
8090
8107
8121
8122
8124
8141
8148
8153
8177
8186
8197
8200
8228
8247
8254
8274
8276
8324
8328
8342
8344
8345
8351
8353
8380
8386
8390
8390
8411
8425
8467
8478
8495
8497
8507
8513
8517
8590
8611
8625
8632
8632
8640
8641
8651
8675
8682
8708
8712
8714
8723
8747
8823
8827
8872
8886
8945
8960
8970
8972
8977
8984
8997
8999
9022
9063
9100
9103
9134
9151
9160
9173
9190
9199
9204
9211
9221
9235
9250
9256
9271
9351
9392
9398
9461
9502
9523
9540
9543
9558
9561
9605
9620
9622
9721
9740
9742
9764
9767
9789
9805
9832
9835
9843
9863
9874
9881
9883
9904
9913
9951
9968
9983
9987
9991
10009
10017
10026
10051
10082
10092
10106
10108
10113
10148
10148
10192
10276
10276
10277
10278
10312
10325
10328
10342
10395
10411
10412
10415
10419
10442
10447
10456
10469
10474
10492
10496
10504
10505
10525
10548
10552
10554
10602
10605
10607
10628
10628
10651
10684
10694
10701
10749
10755
10771
10779
10814
10818
10822
10858
10862
10910
10919
10935
10936
10951
10967
10974
10978
11033
11034
11043
11062
11075
11077
11082
11094
11106
11110
11116
11187
11191
11194
11211
11243
11247
11256
11322
11346
11385
11398
11422
11428
11442
11465
11471
11486
11488
11492
11493
11501
11503
11569
11588
11641
11656
11675
11683
11696
11699
11699
11700
11726
11738
11794
11805
11821
11823
11864
11865
11865
11868
11882
11893
11911
11926
11939
11948
11952
11987
12014
12021
12040
12052
12082
12084
12156
12185
12186
12199
12242
12285
12295
12308
12325
12345
12361
12389
12420
12448
12450
12459
12469
12487
12489
12522
12547
12569
12631
12671
12687
12811
12815
12818
12850
12915
12937
12941
12944
12963
12965
13003
13004
13012
13066
13076
13082
13089
13090
13139
13140
13148
13152
13172
13191
13217
13237
13243
13251
13285
13315
13350
13353
13353
13384
13422
13430
13459
13477
13499
13523
13527
13620
13629
13634
13646
13651
13656
13672
13698
13754
13762
13768
13775
13799
13804
13822
13844
13884
13897
13906
13911
13916
13931
13935
13937
13940
13961
13961
13977
13981
13986
13993
14007
14032
14040
14053
14080
14117
14123
14123
14124
14150
14174
14197
14305
14363
14371
14384
14384
14392
14407
14432
14443
14482
14546
14584
14633
14639
14650
14667
14697
14722
14760
14768
14785
14790
14806
14872
14882
14883
14883
14897
14900
14965
14971
14976
14979
15003
15003
15019
15043
15089
15102
15162
15201
15202
15237
15247
15288
15315
15317
15323
15343
15361
15363
15389
15399
15442
15453
15471
15499
15527
15528
15573
15573
15602
15613
15614
15615
15621
15636
15643
15651
15656
15663
15671
15702
15717
15738
15796
15812
15825
15826
15829
15852
15885
15941
15944
15990
16011
16013
16027
16075
16081
16100
16107
16108
16118
16119
16134
16141
16160
16171
16194
16233
16242
16270
16274
16299
16310
16327
16337
16384
16385
16387
16390
16393
16401
16422
16503
16513
16515
16519
16521
16526
16588
16590
16591
16591
16604
16690
16702
16740
16758
16781
16788
16796
16823
16859
16868
16906
16915
16928
16961
16971
16973
16984
16987
17013
17014
17018
17031
17067
17072
17134
17140
17143
17149
17218
17221
17257
17260
17300
17320
17333
17337
17339
17351
17358
17365
17394
17395
17395
17458
17500
17524
17542
17543
17544
17575
17576
17608
17613
17622
17635
17644
17677
17721
17738
17741
17755
17780
17808
17821
17824
17827
17839
17879
17884
17899
17913
17930
17930
18010
18011
18029
18037
18046
18048
18091
18092
18113
18121
18126
18131
18151
18173
18183
18215
18230
18283
18287
18314
18326
18387
18405
18437
18443
18486
18491
18493
18502
18506
18531
18556
18568
18594
18601
18647
18683
18683
18694
18705
18726
18734
18737
18748
18769
18798
18802
18844
18859
18868
18880
18885
18905
18911
18933
18941
18945
18977
18978
19005
19043
19089
19099
19113
19151
19162
19163
19178
19206
19231
19283
19323
19379
19414
19428
19431
19476
19505
19528
19530
19532
19534
19562
19582
19601
19605
19626
19634
19656
19683
19683
19714
19721
19738
19745
19751
19767
19768
19771
19795
19807
19817
19834
19856
19885
19916
19918
19931
19936
19955
19981
20003
20005
20005
20017
20033
20049
20076
20089
20110
20110
20118
20118
20138
20156
20161
20175
20181
20184
20218
20228
20327
20357
20364
20371
20426
20430
20440
20469
20472
20476
20498
20514
20571
20588
20631
20637
20695
20701
20705
20711
20744
20748
20758
20758
20773
20796
20842
20845
20867
20870
20873
20899
20903
20917
20929
20951
20959
20961
20965
20990
21003
21009
21009
21014
21032
21041
21049
21057
21059
21097
21106
21112
21130
21135
21155
21167
21175
21212
21213
21225
21251
21251
21270
21273
21296
21301
21328
21331
21334
21353
21367
21374
21388
21399
21404
21410
21417
21420
21433
21437
21441
21443
21445
21451
21467
21467
21489
21489
21503
21557
21560
21566
21637
21646
21666
21678
21702
21733
21749
21767
21773
21779
21790
21806
21809
21811
21829
21851
21883
21920
21931
21962
22012
22016
22018
22024
22058
22080
22083
22089
22097
22133
22135
22148
22163
22163
22166
22179
22187
22196
22237
22242
22279
22291
22308
22320
22332
22351
22363
22393
22434
22549
22551
22556
22601
22620
22632
22658
22676
22685
22696
22731
22744
22747
22761
22764
22774
22793
22796
22803
22827
22868
22874
22883
22944
22946
22949
22960
22962
22963
22983
22986
22990
23010
23027
23053
23053
23090
23197
23223
23244
23250
23273
23275
23316
23334
23337
23346
23347
23385
23388
23395
23471
23489
23505
23512
23538
23541
23559
23576
23582
23610
23678
23685
23732
23764
23782
23815
23845
23848
23861
23897
23910
23922
23925
23981
23984
23989
24008
24047
24058
24114
24115
24119
24120
24122
24128
24136
24145
24160
24161
24175
24194
24247
24303
24311
24331
24336
24347
24364
24371
24379
24382
24393
24402
24407
24422
24432
24444
24476
24484
24490
24495
24513
24556
24569
24575
24583
24590
24594
24598
24621
24640
24685
24690
24690
24698
24701
24719
24735
24736
24743
24769
24769
24786
24828
24864
24907
24928
24959
24961
25010
25019
25047
25057
25072
25085
25086
25173
25198
25208
25208
25212
25284
25287
25289
25296
25308
25337
25355
25378
25411
25439
25457
25467
25496
25505
25506
25506
25508
25520
25522
25546
25547
25557
25569
25573
25578
25631
25658
25692
25733
25753
25763
25794
25794
25800
25807
25815
25821
25836
25840
25843
25884
25909
25921
25933
25962
26003
26006
26028
26062
26084
26097
26103
26115
26123
26149
26151
26180
26196
26221
26223
26242
26242
26255
26284
26299
26307
26317
26319
26328
26332
26333
26363
26366
26372
26373
26376
26384
26424
26438
26442
26473
26483
26492
26522
26531
26538
26562
26577
26586
26599
26646
26647
26677
26731
26741
26747
26751
26772
26777
26782
26790
26802
26803
26831
26836
26850
26882
26900
26904
26922
26933
26969
26979
26983
26994
26999
27028
27038
27041
27093
27112
27131
27187
27196
27261
27263
27272
27273
27353
27381
27424
27436
27464
27510
27521
27550
27562
27596
27607
27612
27625
27634
27638
27652
27670
27680
27680
27722
27726
27755
27760
27761
27763
27777
27797
27811
27825
27842
27862
27873
27881
27888
27898
27920
27921
27928
28010
28010
28011
28016
28018
28056
28071
28075
28096
28107
28127
28129
28146
28156
28170
28172
28188
28208
28232
28262
28279
28316
28410
28444
28458
28473
28476
28480
28487
28487
28493
28508
28541
28543
28601
28609
28618
28654
28671
28677
28691
28716
28725
28726
28727
28735
28740
28742
28743
28831
28898
28898
28930
28951
28988
29011
29021
29039
29043
29064
29066
29070
29073
29075
29075
29117
29130
29144
29164
29171
29185
29204
29207
29216
29243
29251
29285
29289
29293
29312
29377
29382
29405
29409
29414
29454
29502
29513
29542
29559
29561
29578
29586
29588
29594
29624
29641
29655
29666
29667
29676
29694
29714
29733
29745
29746
29754
29754
29768
29780
29780
29786
29807
29821
29826
29827
29828
29829
29845
29846
29847
29859
29860
29866
29873
29887
29896
29896
29913
29919
29923
29927
29929
29935
29948
29977
30051
30078
30116
30132
30142
30152
30233
30267
30270
30291
30295
30410
30433
30433
30437
30446
30451
30455
30470
30477
30479
30482
30505
30516
30519
30521
30532
30540
30552
30617
30624
30631
30636
30655
30668
30688
30697
30701
30729
30743
30748
30750
30752
30772
30804
30808
30821
30840
30867
30873
30875
30879
30893
30929
30970
30971
31000
31022
31040
31096
31104
31114
31149
31150
31154
31189
31210
31254
31261
31270
31290
31331
31346
31351
31351
31386
31409
31420
31437
31453
31509
31515
31525
31540
31548
31549
31558
31571
31578
31582
31611
31612
31622
31640
31661
31668
31704
31729
31729
31769
31785
31791
31818
31853
31860
31867
31882
31895
31904
31904
31909
31931
31937
31941
31958
31996
32033
32036
32045
32066
32092
32127
32139
32212
32245
32245
32255
32271
32281
32283
32299
32300
32307
32350
32412
32419
32422
32463
32464
32468
32474
32481
32499
32507
32519
32556
32593
32608
32614
32614
32619
32683
32707
32725
32746
32787
32797
32805
32805
32810
32840
32850
32882
32920
32938
32946
32963
32993
33003
33026
33041
33059
33066
33068
33149
33149
33173
33178
33232
33254
33293
33298
33330
33339
33351
33359
33364
33367
33386
33398
33449
33462
33478
33537
33553
33609
33610
33620
33621
33628
33628
33711
33725
33746
33747
33752
33778
33839
33848
33906
33910
33915
33925
33925
33929
33943
33976
33989
33992
33998
34045
34052
34128
34185
34191
34194
34216
34220
34224
34243
34244
34248
34270
34306
34331
34390
34407
34436
34451
34452
34458
34492
34494
34498
34506
34517
34520
34540
34552
34552
34554
34561
34575
34593
34602
34620
34641
34668
34692
34700
34706
34720
34723
34741
34757
34780
34786
34797
34819
34820
34825
34839
34844
34845
34884
34890
34926
34950
34957
34966
34984
34984
35018
35058
35072
35110
35122
35132
35154
35165
35177
35200
35202
35211
35213
35235
35239
35315
35344
35361
35387
35390
35402
35449
35450
35476
35494
35503
35517
35519
35519
35578
35616
35631
35648
35677
35723
35776
35789
35796
35844
35850
35855
35864
35872
35877
35881
35884
35895
35901
35905
35956
35976
35976
35993
35998
36008
36012
36026
36086
36093
36123
36124
36129
36148
36156
36164
36177
36215
36229
36237
36239
36263
36265
36269
36276
36277
36277
36314
36329
36371
36372
36386
36400
36400
36421
36423
36424
36426
36458
36462
36514
36522
36528
36540
36547
36560
36561
36600
36606
36617
36620
36622
36634
36648
36654
36657
36668
36669
36680
36712
36723
36741
36763
36776
36796
36798
36806
36819
36866
36880
36881
36883
36889
36931
36936
36944
36955
36999
37021
37028
37055
37057
37074
37088
37092
37098
37099
37115
37117
37122
37136
37154
37171
37194
37206
37216
37229
37279
37284
37291
37294
37300
37302
37309
37311
37318
37330
37335
37368
37467
37480
37504
37508
37509
37522
37535
37576
37578
37585
37620
37626
37645
37645
37650
37658
37668
37678
37718
37719
37735
37737
37740
37741
37743
37753
37761
37768
37825
37855
37875
37890
37897
37898
37903
37913
37945
37948
37953
37983
37993
37999
38025
38046
38048
38078
38114
38118
38138
38141
38141
38146
38148
38151
38180
38228
38243
38280
38287
38289
38304
38348
38367
38375
38382
38410
38420
38427
38447
38447
38559
38578
38627
38636
38653
38655
38673
38698
38719
38764
38785
38791
38801
38838
38863
38868
38889
38890
38902
38910
38935
38962
38966
38970
39004
39009
39013
39014
39014
39017
39026
39028
39036
39076
39109
39123
39142
39173
39213
39262
39263
39270
39294
39297
39301
39313
39362
39371
39375
39378
39434
39447
39509
39543
39545
39563
39563
39617
39632
39637
39665
39691
39691
39707
39715
39720
39730
39737
39747
39748
39758
39799
39800
39817
39846
39870
39873
39893
39900
39934
39944
39952
39966
39971
39982
39984
40002
40010
40017
40022
40058
40078
40146
40150
40210
40212
40222
40235
40266
40269
40280
40337
40347
40358
40361
40364
40366
40386
40400
40429
40430
40440
40486
40497
40499
40514
40516
40529
40543
40558
40577
40579
40584
40591
40607
40612
40630
40634
40636
40676
40684
40690
40696
40700
40724
40731
40733
40781
40792
40849
40943
41058
41082
41086
41093
41142
41175
41203
41224
41240
41265
41279
41297
41312
41317
41319
41335
41350
41360
41360
41382
41410
41413
41426
41428
41430
41435
41451
41452
41457
41492
41505
41526
41582
41591
41608
41612
41639
41654
41688
41688
41695
41733
41733
41744
41813
41813
41828
41830
41856
41900
41914
41915
41919
41922
41962
41978
41999
42004
42022
42034
42068
42104
42111
42114
42131
42145
42148
42148
42149
42154
42161
42196
42206
42218
42234
42246
42248
42253
42257
42284
42301
42303
42311
42323
42340
42353
42371
42375
42387
42391
42395
42402
42408
42417
42453
42457
42457
42462
42466
42479
42485
42491
42508
42509
42543
42586
42591
42601
42604
42611
42629
42659
42665
42683
42732
42830
42834
42838
42856
42921
42924
42926
42940
42953
42962
42979
42986
42986
43018
43024
43040
43045
43054
43057
43129
43130
43174
43178
43192
43200
43216
43238
43253
43268
43276
43281
43298
43312
43346
43357
43407
43429
43462
43467
43469
43496
43501
43514
43531
43533
43551
43559
43580
43602
43608
43650
43651
43664
43675
43689
43692
43702
43718
43719
43729
43741
43751
43793
43808
43811
43815
43822
43857
43900
43901
43908
43915
43917
43924
43992
44003
44004
44008
44011
44019
44036
44069
44098
44130
44168
44169
44176
44178
44184
44202
44224
44234
44241
44288
44289
44315
44321
44376
44427
44429
44445
44492
44511
44519
44528
44531
44538
44548
44548
44549
44572
44591
44597
44615
44644
44689
44716
44747
44753
44808
44810
44819
44827
44828
44829
44835
44851
44852
44864
44877
44893
44902
44929
44944
44949
44992
44993
45011
45028
45034
45048
45049
45072
45093
45105
45108
45111
45129
45133
45137
45139
45192
45267
45301
45305
45307
45335
45352
45358
45428
45438
45442
45462
45512
45547
45561
45616
45652
45658
45685
45713
45723
45741
45757
45790
45819
45839
45841
45856
45862
45913
45959
45965
45981
45984
45984
46011
46033
46039
46043
46043
46060
46077
46081
46091
46100
46164
46201
46207
46218
46222
46248
46255
46276
46287
46313
46327
46330
46363
46365
46373
46379
46388
46388
46393
46430
46448
46468
46476
46487
46508
46512
46518
46563
46568
46572
46606
46606
46607
46620
46625
46634
46656
46659
46660
46678
46688
46689
46689
46692
46712
46781
46806
46845
46852
46903
46921
46922
46926
46939
46942
47000
47002
47013
47021
47027
47045
47047
47115
47148
47185
47219
47221
47275
47277
47284
47296
47301
47305
47308
47334
47343
47360
47399
47406
47411
47419
47435
47435
47445
47448
47471
47479
47500
47503
47513
47516
47516
47517
47528
47532
47546
47579
47641
47667
47684
47701
47730
47749
47751
47760
47779
47786
47794
47811
47819
47835
47861
47867
47884
47888
47890
47898
47904
47932
47978
48015
48039
48042
48046
48082
48099
48143
48187
48187
48212
48213
48240
48252
48253
48259
48265
48281
48282
48306
48326
48333
48357
48373
48382
48387
48388
48409
48416
48425
48440
48464
48478
48502
48511
48514
48517
48546
48556
48626
48655
48716
48739
48771
48784
48789
48794
48799
48812
48815
48821
48828
48829
48837
48837
48853
48859
48865
48867
48910
48915
48926
48933
48957
48993
48997
49011
49022
49023
49052
49063
49087
49089
49107
49113
49114
49115
49119
49206
49227
49234
49237
49238
49244
49245
49257
49267
49274
49276
49278
49282
49284
49310
49332
49349
49363
49368
49401
49410
49410
49420
49431
49440
49458
49474
49474
49482
49528
49530
49558
49558
49559
49595
49610
49638
49650
49660
49661
49682
49690
49691
49696
49703
49705
49718
49742
49766
49771
49780
49785
49827
49841
49860
49870
49903
49904
49929
49949
