8
70
94
171
253
283
292
362
368
372
386
404
462
481
567
662
714
752
959
1066
1105
1188
1316
1394
1412
1419
1451
1520
1553
1592
1628
1697
1704
1763
1826
1841
1875
1900
1971
2037
2124
2177
2284
2356
2398
2520
2529
2532
2599
2686
2730
2762
2837
2901
2930
2984
2992
3013
3025
3075
3142
3190
3241
3283
3334
3538
3542
3626
3643
3760
3841
3923
3946
3947
3991
4211
4306
4320
4368
4410
4419
4451
4476
4549
4551
4562
4586
4628
4786
4938
4943
4967
4975
5024
5110
5112
5222
5234
5261
5458
5568
5586
5598
5687
5698
5699
5721
5743
5743
5774
5819
5823
6011
6036
6099
6132
6173
6233
6237
6310
6353
6394
6470
6472
6476
6548
6714
6746
6760
6781
6786
6806
6864
6871
6888
6899
6916
6988
6991
6991
7007
7024
7064
7124
7166
7215
7225
7228
7381
7386
7406
7420
7472
7480
7538
7546
7584
7591
7628
7632
7770
7906
7923
8020
8090
8122
8153
8186
8197
8200
8228
8342
8353
8380
8390
8425
8478
8495
8497
8517
8632
8632
8651
8682
8747
8945
8999
9100
9151
9160
9173
9204
9461
9523
9540
9742
9767
9805
9913
10106
10148
10276
10277
10312
10328
10411
10412
10419
10456
10474
10492
10525
10554
10602
10607
10628
10701
10755
10771
10779
10822
10858
10910
10919
10967
11082
11106
11110
11211
11247
11256
11346
11398
11422
11501
11503
11641
11696
11700
11726
11738
11821
11823
11882
11987
12014
12052
12084
12199
12242
12285
12295
12345
12420
12459
12469
12489
12569
12631
12671
12937
12944
12963
12965
13003
13076
13090
13148
13152
13172
13191
13315
13384
13459
13477
13523
13651
13656
13672
13762
13884
13911
13916
13935
13940
14117
14150
14174
14384
14392
14584
14650
14768
14785
14883
14883
14971
15003
15019
15043
15089
15102
15247
15323
15361
15399
15527
15602
15615
15651
15812
15826
15852
15885
15941
15944
16013
16075
16100
16107
16108
16119
16134
16141
16160
16233
16242
16270
16274
16327
16337
16390
16422
16513
16526
16588
16590
16604
16690
16758
16781
16906
16915
16971
16984
17067
17140
17221
17337
17358
17395
17458
17524
17542
17544
17613
17677
17738
17755
17879
17884
17899
17913
17930
18010
18092
18126
18131
18215
18283
18287
18314
18387
18405
18437
18491
18683
18683
18705
18726
18734
18844
18859
18885
18911
18977
19005
19089
19099
19151
19283
19323
19431
19505
19528
19530
19562
19582
19738
19745
19751
19767
19771
19856
19885
20005
20017
20033
20076
20089
20138
20218
20228
20469
20476
20498
20637
20701
20845
20867
20873
20917
20929
21003
21009
21014
21106
21112
21130
21135
21167
21175
21301
21328
21331
21417
21433
21443
21445
21489
21557
21646
21678
21702
21733
21773
21779
21809
21883
21920
21962
22012
22080
22097
22133
22166
22237
22393
22434
22551
22731
22744
22774
22796
22827
22874
22944
22960
22962
23010
23090
23244
23316
23346
23388
23538
23559
23732
23764
23815
23845
23910
23981
23984
24047
24058
24160
24161
24175
24247
24336
24347
24393
24407
24495
24569
24583
24598
24621
24690
24698
24736
24769
24828
24864
24961
25057
25085
25086
25208
25208
25284
25289
25308
25337
25355
25439
25506
25508
25573
25578
25658
25753
25763
25794
25807
25840
25843
25933
26006
26028
26062
26115
26149
26242
26284
26299
26307
26333
26366
26424
26599
26646
26677
26731
26741
26777
26802
26922
26933
26994
27041
27112
27131
27196
27436
27562
27652
27680
27722
27755
27761
27842
27921
28010
28016
28056
28127
28129
28232
28279
28444
28458
28480
28487
28508
28609
28618
28654
28671
28677
28727
28735
28742
28743
29043
29066
29144
29171
29185
29382
29559
29586
29594
29666
29714
29745
29746
29754
29826
29845
29847
29859
29873
29887
29896
29913
29919
29977
30051
30078
30152
30267
30433
30433
30455
30470
30477
30479
30516
30540
30752
30821
30867
30893
31104
31114
31149
31154
31270
31351
31351
31437
31509
31525
31540
31548
31729
31818
31853
31882
31895
31909
31958
31996
32127
32212
32245
32245
32271
32474
32507
32614
32683
32787
32810
32882
32920
32963
33066
33330
33339
33351
33449
33553
33610
33628
33725
33752
33943
33976
33992
34128
34216
34220
34224
34390
34407
34436
34451
34498
34552
34552
34561
34620
34641
34706
34720
34741
34757
34780
34786
34819
34825
34839
34926
34950
34957
34984
35122
35177
35202
35211
35213
35235
35344
35390
35494
35616
35677
35723
35976
35993
36026
36093
36124
36129
36148
36164
36177
36239
36314
36329
36386
36424
36514
36547
36600
36634
36654
36657
36669
36723
36796
36866
36880
36883
36889
36931
36999
37028
37055
37074
37088
37098
37122
37136
37291
37294
37302
37311
37318
37335
37368
37504
37508
37522
37620
37626
37650
37668
37718
37735
37741
37761
37768
37825
37855
37890
37897
37898
37903
37913
37948
38141
38141
38146
38151
38287
38289
38348
38375
38382
38427
38578
38673
38698
38785
38838
38863
38868
38902
38962
38966
38970
39009
39017
39026
39123
39297
39371
39378
39447
39563
39563
39632
39737
39799
39817
39846
39893
39934
39952
39966
39982
40010
40235
40337
40386
40430
40514
40529
40558
40634
40676
40696
40724
40943
41082
41086
41093
41142
41312
41317
41335
41360
41382
41426
41428
41452
41457
41582
41688
41695
41919
41962
42004
42022
42111
42114
42131
42148
42149
42206
42218
42253
42257
42303
42311
42375
42457
42457
42462
42601
42921
42926
42953
42962
42979
43040
43057
43129
43174
43216
43238
43253
43276
43312
43467
43602
43650
43751
43900
43901
43917
44004
44011
44036
44098
44168
44178
44184
44202
44234
44241
44288
44289
44321
44427
44429
44445
44528
44548
44597
44615
44810
44819
44829
44893
44902
44929
44949
44992
45034
45111
45129
45561
45713
45757
45959
45981
46011
46043
46207
46313
46327
46363
46388
46430
46448
46468
46568
46572
46606
46656
46660
46688
46903
46922
47284
47296
47301
47308
47334
47399
47435
47471
47516
47517
47528
47546
47701
47786
47811
47819
47867
47898
48082
48099
48187
48187
48212
48240
48253
48306
48326
48373
48387
48409
48416
48425
48440
48502
48655
48716
48771
48784
48799
48829
48837
48837
48865
48926
48993
49022
49107
49227
49267
49310
49401
49482
49528
49558
49558
49559
49660
49766
49827
49870
49949
