8
55
69
70
71
77
78
93
94
98
105
127
129
132
148
153
171
176
186
195
211
218
253
254
272
279
283
290
292
295
328
336
355
362
368
371
372
386
401
402
404
407
433
440
451
453
461
462
469
477
477
481
488
525
528
567
578
591
596
634
662
692
714
727
729
730
735
735
752
752
790
794
813
815
820
851
852
879
879
908
912
913
928
959
963
965
970
982
1003
1041
1049
1051
1066
1072
1105
1116
1133
1134
1183
1188
1239
1240
1246
1254
1254
1258
1258
1266
1294
1309
1316
1318
1330
1363
1369
1386
1394
1400
1412
1419
1420
1434
1451
1489
1502
1515
1520
1537
1539
1553
1569
1584
1589
1592
1595
1600
1601
1609
1611
1612
1613
1628
1634
1644
1644
1645
1646
1665
1687
1688
1693
1697
1698
1701
1702
1702
1704
1714
1738
1740
1744
1746
1763
1766
1772
1810
1813
1826
1832
1838
1840
1841
1842
1843
1845
1854
1875
1900
1961
1968
1971
1993
2028
2029
2030
2037
2042
2044
2050
2055
2077
2080
2098
2116
2124
2126
2127
2145
2147
2156
2161
2171
2176
2177
2186
2187
2204
2205
2208
2219
2247
2248
2263
2269
2284
2300
2319
2321
2321
2325
2330
2348
2356
2373
2398
2401
2415
2431
2442
2445
2458
2485
2502
2520
2529
2530
2532
2538
2538
2555
2556
2560
2569
2580
2584
2593
2596
2599
2616
2617
2643
2644
2667
2671
2675
2686
2694
2701
2716
2730
2736
2740
2762
2767
2789
2792
2819
2823
2837
2852
2861
2870
2878
2879
2887
2901
2909
2924
2928
2930
2932
2956
2962
2974
2984
2985
2986
2991
2992
3010
3013
3025
3037
3040
3046
3068
3075
3080
3080
3083
3087
3103
3111
3120
3131
3142
3145
3151
3162
3186
3190
3194
3198
3200
3209
3238
3241
3251
3260
3262
3276
3283
3289
3290
3297
3298
3334
3355
3367
3395
3398
3404
3427
3471
3490
3495
3501
3509
3521
3538
3542
3550
3560
3568
3586
3599
3600
3617
3626
3626
3643
3656
3657
3660
3661
3661
3666
3667
3668
3673
3691
3731
3733
3743
3760
3772
3784
3807
3811
3815
3822
3826
3829
3841
3843
3846
3846
3848
3851
3856
3858
3867
3867
3873
3878
3895
3918
3923
3937
3946
3946
3947
3954
3955
3978
3990
3991
4000
4012
4021
4025
4051
4073
4075
4092
4129
4130
4136
4152
4161
4167
4203
4208
4211
4228
4236
4242
4261
4263
4265
4281
4286
4295
4296
4306
4320
4334
4343
4349
4355
4356
4368
4371
4373
4375
4401
4410
4419
4429
4430
4433
4434
4436
4451
4471
4474
4476
4477
4483
4502
4509
4509
4523
4527
4539
4549
4551
4559
4562
4574
4586
4596
4600
4603
4621
4628
4631
4646
4661
4703
4736
4751
4780
4782
4783
4784
4785
4786
4805
4806
4822
4854
4878
4887
4902
4925
4936
4938
4943
4951
4954
4955
4959
4959
4967
4975
4987
4989
4994
4997
5013
5020
5024
5025
5048
5049
5055
5059
5099
5104
5110
5112
5134
5135
5138
5142
5149
5179
5222
5224
5230
5234
5239
5242
5246
5248
5249
5257
5261
5301
5310
5312
5323
5328
5341
5358
5378
5379
5380
5382
5383
5397
5408
5409
5421
5430
5455
5457
5458
5458
5465
5485
5492
5492
5505
5507
5566
5568
5586
5598
5615
5615
5623
5623
5630
5639
5644
5683
5687
5698
5698
5699
5699
5701
5721
5724
5733
5737
5740
5743
5743
5748
5749
5767
5770
5773
5774
5779
5782
5789
5801
5803
5809
5810
5819
5823
5831
5839
5849
5866
5868
5875
5877
5899
5913
5932
5941
5956
5981
5990
6011
6036
6071
6086
6090
6098
6099
6108
6112
6128
6132
6173
6174
6174
6181
6184
6194
6195
6200
6200
6204
6229
6233
6237
6243
6264
6273
6291
6304
6310
6316
6350
6352
6353
6369
6386
6390
6390
6392
6394
6396
6398
6405
6416
6440
6444
6451
6456
6464
6470
6472
6476
6481
6496
6507
6512
6515
6522
6532
6538
6547
6548
6573
6576
6590
6602
6610
6625
6628
6636
6643
6673
6683
6688
6712
6714
6714
6719
6732
6746
6757
6760
6776
6781
6786
6806
6816
6816
6835
6841
6844
6846
6857
6864
6871
6888
6893
6893
6896
6899
6902
6905
6916
6939
6949
6950
6951
6976
6988
6991
6991
6996
7007
7010
7019
7024
7036
7052
7053
7064
7093
7111
7124
7130
7166
7215
7225
7226
7228
7231
7252
7254
7268
7268
7279
7280
7297
7306
7308
7335
7341
7341
7356
7357
7371
7381
7383
7386
7406
7412
7420
7426
7440
7445
7450
7453
7472
7475
7480
7499
7520
7538
7545
7546
7546
7570
7580
7582
7584
7591
7600
7604
7606
7628
7632
7644
7651
7664
7665
7673
7709
7726
7742
7748
7750
7754
7763
7764
7767
7770
7781
7793
7827
7832
7852
7855
7872
7880
7881
7892
7905
7906
7923
7936
7941
7961
7961
7965
7970
7970
7976
8004
8020
8027
8028
8029
8042
8054
8066
8073
8085
8090
8107
8121
8122
8124
8132
8141
8148
8153
8177
8186
8197
8200
8226
8228
8247
8254
8274
8276
8288
8324
8328
8336
8339
8342
8344
8344
8345
8351
8353
8357
8380
8386
8390
8390
8411
8422
8425
8467
8478
8480
8480
8495
8497
8507
8509
8513
8517
8527
8566
8590
8606
8611
8625
8632
8632
8640
8641
8644
8648
8650
8651
8675
8682
8708
8712
8714
8723
8747
8750
8818
8823
8823
8827
8872
8886
8898
8901
8916
8945
8960
8965
8970
8972
8975
8976
8977
8984
8987
8997
8999
9022
9022
9024
9029
9063
9084
9099
9100
9103
9134
9151
9156
9160
9173
9190
9199
9204
9211
9221
9222
9235
9242
9249
9250
9256
9264
9271
9300
9309
9331
9331
9351
9366
9381
9392
9398
9461
9471
9476
9490
9494
9502
9512
9523
9525
9540
9543
9558
9561
9579
9602
9605
9620
9622
9645
9690
9721
9738
9740
9742
9743
9748
9752
9764
9767
9786
9789
9795
9803
9805
9808
9823
9824
9825
9832
9835
9838
9841
9843
9863
9864
9867
9869
9874
9881
9883
9894
9904
9908
9910
9913
9925
9948
9951
9956
9967
9968
9977
9983
9987
9991
9992
10005
10009
10017
10026
10027
10047
10051
10062
10068
10082
10092
10104
10106
10107
10108
10113
10123
10148
10148
10192
10217
10228
10276
10276
10277
10278
10312
10312
10325
10328
10342
10346
10353
10357
10395
10411
10412
10412
10415
10419
10442
10447
10449
10456
10469
10474
10492
10496
10500
10504
10505
10525
10548
10552
10554
10579
10582
10602
10605
10607
10622
10625
10628
10628
10644
10651
10684
10694
10701
10706
10749
10755
10762
10771
10779
10814
10818
10822
10845
10853
10858
10862
10868
10872
10908
10910
10919
10926
10935
10936
10936
10938
10943
10947
10951
10959
10967
10973
10974
10978
11011
11033
11034
11039
11043
11062
11075
11077
11082
11094
11099
11101
11106
11110
11116
11130
11160
11160
11174
11187
11191
11194
11198
11209
11211
11243
11244
11247
11254
11256
11256
11280
11284
11302
11307
11322
11346
11381
11385
11398
11422
11422
11428
11442
11465
11471
11473
11486
11488
11492
11493
11501
11503
11548
11569
11588
11597
11604
11626
11633
11641
11656
11675
11683
11696
11699
11699
11700
11726
11738
11777
11794
11796
11805
11820
11821
11823
11839
11864
11865
11865
11868
11882
11888
11893
11911
11926
11933
11939
11939
11942
11948
11950
11952
11987
12007
12014
12021
12028
12033
12040
12048
12052
12082
12084
12087
12108
12140
12150
12156
12175
12184
12185
12186
12194
12199
12200
12205
12211
12221
12225
12242
12260
12283
12285
12286
12295
12308
12325
12345
12361
12389
12420
12448
12450
12459
12469
12487
12489
12495
12522
12532
12538
12547
12549
12566
12569
12570
12609
12620
12631
12638
12641
12671
12682
12687
12712
12751
12770
12791
12811
12815
12818
12837
12845
12850
12871
12879
12906
12915
12937
12941
12944
12944
12951
12953
12963
12965
12967
12992
13003
13004
13011
13012
13023
13049
13066
13068
13076
13082
13089
13090
13091
13104
13118
13139
13140
13143
13148
13152
13172
13191
13217
13217
13237
13243
13251
13252
13285
13304
13315
13350
13352
13353
13353
13382
13384
13403
13422
13422
13430
13459
13477
13491
13499
13499
13502
13523
13524
13527
13546
13546
13620
13629
13634
13638
13646
13651
13652
13656
13672
13688
13698
13723
13744
13751
13754
13762
13762
13768
13773
13775
13790
13799
13804
13822
13842
13844
13884
13891
13897
13901
13906
13909
13911
13916
13931
13932
13935
13937
13940
13957
13961
13961
13971
13977
13981
13986
13989
13993
14007
14024
14032
14040
14042
14053
14057
14080
14117
14123
14123
14124
14135
14150
14174
14185
14197
14231
14243
14262
14300
14305
14349
14350
14358
14363
14366
14371
14375
14377
14384
14384
14392
14407
14415
14432
14443
14482
14486
14488
14488
14514
14546
14573
14584
14588
14590
14633
14639
14639
14650
14663
14667
14676
14688
14697
14711
14716
14722
14723
14749
14760
14768
14773
14785
14790
14792
14806
14870
14872
14879
14882
14883
14883
14897
14900
14957
14961
14965
14971
14976
14979
14980
15003
15003
15019
15019
15023
15043
15080
15089
15102
15102
15162
15166
15167
15168
15195
15201
15202
15231
15237
15247
15268
15288
15295
15295
15315
15317
15323
15331
15343
15348
15361
15363
15389
15399
15442
15444
15453
15471
15499
15508
15527
15528
15554
15564
15573
15573
15579
15579
15602
15613
15614
15615
15618
15621
15636
15639
15643
15651
15653
15656
15662
15663
15671
15702
15717
15738
15740
15742
15767
15770
15774
15776
15796
15798
15812
15813
15825
15826
15829
15849
15849
15852
15878
15881
15883
15885
15941
15944
15969
15985
15990
16011
16013
16027
16053
16057
16063
16075
16081
16081
16100
16107
16108
16109
16113
16118
16119
16125
16134
16141
16143
16160
16161
16170
16171
16194
16207
16233
16242
16242
16248
16252
16270
16274
16296
16299
16310
16327
16337
16338
16342
16384
16385
16387
16390
16393
16401
16418
16422
16423
16440
16453
16486
16503
16505
16513
16515
16519
16521
16526
16526
16547
16556
16557
16588
16590
16591
16591
16604
16630
16646
16678
16679
16690
16702
16707
16740
16758
16772
16781
16782
16788
16796
16823
16825
16859
16865
16868
16900
16906
16910
16915
16921
16928
16950
16951
16961
16968
16970
16971
16973
16981
16984
16987
16989
17002
17013
17014
17018
17018
17031
17046
17067
17072
17113
17134
17140
17143
17149
17197
17218
17221
17235
17257
17260
17265
17300
17320
17333
17337
17339
17348
17351
17358
17359
17365
17370
17370
17394
17395
17395
17397
17408
17414
17430
17452
17458
17481
17500
17515
17516
17524
17537
17542
17543
17544
17575
17575
17576
17608
17608
17613
17622
17635
17644
17677
17677
17699
17721
17738
17741
17753
17755
17770
17780
17808
17821
17824
17827
17831
17839
17843
17860
17860
17879
17884
17899
17904
17913
17917
17920
17922
17925
17930
17930
17952
17978
17979
17997
18010
18011
18029
18037
18046
18048
18081
18086
18091
18092
18113
18121
18126
18131
18134
18141
18150
18151
18173
18178
18183
18183
18213
18215
18216
18221
18230
18256
18283
18287
18291
18299
18314
18326
18357
18362
18387
18405
18437
18443
18486
18489
18491
18493
18502
18506
18529
18531
18551
18556
18561
18568
18586
18589
18594
18594
18601
18644
18647
18649
18683
18683
18690
18693
18694
18702
18705
18713
18720
18721
18726
18727
18734
18737
18743
18748
18749
18769
18779
18783
18798
18799
18802
18803
18813
18844
18859
18868
18880
18885
18905
18911
18933
18941
18945
18955
18956
18977
18978
18980
19005
19010
19043
19053
19062
19089
19099
19113
19114
19151
19154
19162
19163
19178
19202
19206
19231
19262
19262
19265
19283
19312
19318
19323
19364
19374
19379
19392
19414
19428
19431
19432
19449
19456
19476
19505
19528
19530
19532
19534
19562
19568
19582
19601
19605
19626
19631
19634
19640
19640
19656
19683
19683
19692
19714
19721
19738
19745
19751
19760
19767
19768
19770
19771
19771
19795
19807
19817
19834
19846
19855
19856
19864
19875
19885
19916
19917
19918
19931
19936
19936
19939
19952
19955
19969
19981
19998
20003
20005
20005
20017
20017
20028
20033
20049
20076
20089
20099
20110
20110
20118
20118
20124
20138
20140
20143
20156
20161
20175
20181
20184
20187
20217
20218
20228
20238
20240
20286
20327
20350
20357
20359
20360
20364
20371
20371
20394
20396
20403
20412
20413
20419
20426
20430
20440
20469
20472
20476
20477
20498
20514
20568
20571
20571
20588
20598
20619
20631
20637
20661
20664
20695
20695
20701
20705
20711
20731
20743
20744
20748
20757
20758
20758
20773
20783
20796
20812
20820
20842
20845
20862
20867
20870
20873
20891
20899
20903
20915
20917
20929
20929
20941
20941
20951
20959
20961
20965
20967
20990
20995
21003
21009
21009
21014
21025
21032
21041
21049
21057
21059
21080
21082
21097
21106
21112
21130
21135
21155
21167
21175
21212
21213
21217
21225
21242
21249
21251
21251
21255
21270
21272
21273
21283
21296
21301
21311
21328
21331
21334
21353
21355
21367
21374
21387
21388
21388
21399
21404
21410
21417
21420
21423
21433
21437
21441
21443
21445
21451
21465
21467
21467
21478
21489
21489
21499
21503
21504
21515
21557
21560
21566
21573
21619
21637
21646
21658
21666
21678
21678
21689
21702
21706
21726
21733
21748
21749
21753
21767
21773
21776
21779
21786
21790
21806
21809
21811
21827
21829
21851
21865
21883
21890
21894
21918
21920
21931
21939
21962
21970
21984
21997
22012
22016
22018
22024
22057
22058
22062
22080
22083
22089
22097
22106
22112
22133
22135
22138
22140
22148
22163
22163
22166
22179
22186
22187
22196
22218
22236
22237
22242
22253
22261
22270
22279
22291
22308
22320
22331
22331
22332
22339
22351
22354
22363
22368
22393
22412
22434
22450
22488
22508
22522
22549
22551
22556
22576
22601
22620
22623
22631
22632
22638
22658
22665
22668
22676
22677
22685
22687
22689
22692
22696
22700
22731
22744
22747
22749
22751
22761
22764
22774
22793
22796
22797
22803
22813
22827
22868
22874
22876
22883
22892
22942
22944
22946
22949
22954
22960
22962
22963
22983
22986
22990
23000
23010
23027
23053
23053
23090
23110
23137
23197
23223
23230
23243
23244
23250
23264
23265
23273
23275
23316
23334
23335
23337
23346
23347
23385
23388
23395
23402
23426
23442
23466
23471
23471
23476
23489
23498
23502
23505
23512
23526
23533
23538
23541
23548
23559
23573
23576
23582
23610
23654
23664
23675
23678
23685
23732
23744
23764
23771
23773
23782
23801
23815
23817
23845
23848
23861
23897
23902
23910
23913
23922
23925
23942
23947
23968
23979
23981
23984
23989
24008
24039
24047
24058
24072
24082
24114
24115
24119
24120
24120
24122
24128
24136
24144
24145
24160
24161
24175
24187
24194
24198
24220
24222
24247
24278
24303
24311
24323
24331
24336
24340
24341
24347
24364
24365
24371
24379
24382
24393
24402
24407
24418
24422
24425
24432
24444
24448
24476
24484
24487
24490
24495
24513
24523
24537
24544
24556
24567
24569
24575
24583
24588
24590
24594
24598
24620
24621
24623
24627
24640
24652
24673
24674
24685
24690
24690
24692
24698
24699
24701
24705
24719
24724
24735
24736
24743
24766
24769
24769
24773
24786
24822
24828
24836
24850
24864
24865
24907
24928
24946
24959
24961
24961
24976
25006
25008
25010
25017
25019
25035
25047
25053
25057
25065
25070
25072
25085
25086
25127
25163
25173
25198
25202
25208
25208
25212
25214
25241
25249
25255
25284
25287
25289
25296
25308
25312
25317
25324
25337
25339
25355
25375
25378
25383
25406
25408
25411
25415
25436
25439
25448
25457
25461
25467
25493
25496
25505
25506
25506
25508
25520
25522
25527
25539
25546
25546
25547
25557
25569
25573
25578
25590
25591
25596
25598
25608
25612
25631
25654
25658
25687
25692
25704
25708
25733
25753
25763
25794
25794
25800
25807
25815
25821
25834
25836
25836
25840
25843
25884
25896
25909
25921
25921
25933
25962
26003
26006
26028
26028
26062
26068
26075
26084
26097
26103
26115
26123
26149
26151
26160
26163
26170
26180
26191
26196
26203
26212
26213
26221
26223
26227
26235
26242
26242
26245
26255
26284
26299
26304
26307
26317
26319
26328
26332
26333
26334
26363
26366
26372
26373
26376
26384
26424
26428
26438
26438
26442
26444
26469
26473
26475
26483
26490
26492
26522
26526
26531
26534
26536
26538
26562
26577
26577
26586
26599
26614
26624
26624
26628
26646
26647
26664
26677
26681
26682
26696
26699
26708
26723
26729
26731
26741
26743
26747
26751
26772
26777
26782
26786
26790
26802
26803
26813
26831
26836
26849
26850
26853
26861
26872
26882
26900
26903
26904
26922
26933
26934
26969
26972
26979
26983
26994
26999
27020
27028
27038
27041
27046
27048
27053
27089
27093
27109
27112
27131
27187
27193
27196
27242
27261
27263
27272
27273
27353
27381
27397
27424
27436
27447
27464
27494
27510
27513
27521
27550
27559
27562
27596
27605
27607
27612
27625
27634
27638
27652
27654
27670
27680
27680
27690
27717
27722
27726
27754
27755
27760
27761
27763
27770
27770
27777
27797
27811
27822
27825
27825
27829
27842
27845
27862
27873
27881
27884
27886
27888
27896
27898
27910
27917
27920
27921
27928
27933
27976
28010
28010
28011
28011
28016
28018
28056
28071
28072
28075
28096
28096
28106
28107
28127
28129
28137
28141
28146
28156
28170
28172
28172
28188
28208
28232
28240
28262
28276
28279
28316
28336
28387
28405
28410
28414
28444
28452
28458
28473
28474
28476
28480
28486
28487
28487
28493
28508
28523
28541
28543
28601
28609
28618
28632
28654
28657
28670
28671
28676
28676
28677
28691
28692
28698
28716
28725
28726
28727
28735
28740
28742
28743
28831
28862
28896
28898
28898
28901
28910
28911
28930
28951
28951
28966
28966
28988
29011
29021
29039
29043
29044
29064
29066
29070
29073
29075
29075
29077
29098
29117
29120
29130
29141
29144
29147
29158
29164
29171
29185
29204
29207
29216
29239
29243
29251
29265
29271
29273
29277
29285
29289
29293
29309
29312
29318
29354
29356
29375
29377
29382
29405
29409
29414
29426
29454
29483
29488
29502
29513
29542
29551
29559
29561
29578
29586
29588
29594
29624
29641
29648
29655
29666
29667
29676
29682
29693
29694
29696
29702
29714
29732
29733
29745
29746
29747
29754
29754
29764
29768
29780
29780
29786
29807
29809
29815
29821
29826
29827
29828
29829
29832
29834
29845
29846
29847
29859
29860
29861
29866
29873
29882
29887
29896
29896
29899
29900
29910
29913
29914
29919
29923
29927
29929
29935
29948
29952
29977
29993
29997
30006
30025
30051
30078
30116
30132
30142
30149
30152
30190
30201
30212
30227
30233
30267
30270
30272
30280
30291
30295
30302
30305
30343
30410
30431
30433
30433
30437
30446
30451
30455
30455
30470
30477
30479
30482
30505
30516
30519
30521
30532
30540
30552
30585
30617
30624
30631
30636
30653
30655
30666
30667
30668
30673
30674
30688
30691
30697
30701
30729
30743
30745
30748
30750
30752
30765
30772
30774
30778
30804
30808
30821
30830
30840
30843
30867
30873
30874
30875
30877
30879
30893
30893
30913
30914
30929
30961
30962
30970
30971
30994
31000
31017
31022
31023
31040
31062
31096
31104
31114
31124
31132
31149
31150
31154
31164
31175
31189
31205
31210
31254
31261
31268
31270
31290
31296
31331
31346
31351
31351
31357
31383
31386
31393
31409
31420
31434
31437
31451
31453
31465
31490
31495
31509
31515
31525
31531
31540
31547
31548
31549
31558
31565
31571
31578
31582
31590
31596
31596
31611
31612
31622
31640
31661
31668
31687
31704
31729
31729
31735
31769
31785
31791
31818
31853
31860
31866
31867
31871
31882
31894
31895
31904
31904
31909
31909
31931
31937
31941
31958
31963
31972
31996
31998
32033
32034
32036
32045
32050
32066
32066
32092
32111
32127
32139
32152
32153
32158
32212
32228
32245
32245
32255
32265
32271
32274
32281
32283
32299
32299
32300
32303
32307
32324
32337
32337
32341
32343
32350
32355
32361
32383
32398
32408
32412
32419
32422
32458
32463
32464
32468
32474
32481
32483
32487
32497
32497
32499
32507
32519
32528
32556
32558
32593
32608
32609
32610
32614
32614
32619
32668
32675
32683
32707
32714
32725
32730
32736
32746
32757
32766
32768
32782
32787
32797
32805
32805
32810
32837
32840
32850
32857
32882
32895
32920
32938
32938
32946
32963
32973
32976
32979
32980
32990
32993
33003
33026
33041
33043
33059
33066
33068
33092
33145
33149
33149
33173
33178
33192
33215
33232
33254
33269
33293
33298
33299
33311
33330
33335
33339
33351
33359
33364
33367
33382
33386
33398
33403
33408
33413
33424
33436
33449
33462
33478
33491
33537
33549
33553
33556
33609
33610
33611
33614
33620
33621
33628
33628
33635
33637
33647
33667
33690
33692
33711
33725
33731
33733
33746
33747
33752
33754
33778
33797
33798
33839
33848
33878
33902
33906
33907
33910
33915
33919
33925
33925
33929
33943
33950
33952
33971
33976
33989
33992
33998
34029
34045
34051
34052
34072
34090
34098
34116
34128
34162
34162
34175
34185
34190
34191
34194
34203
34205
34207
34213
34216
34217
34220
34224
34243
34244
34247
34248
34249
34270
34290
34306
34322
34331
34349
34363
34369
34390
34399
34407
34416
34436
34439
34451
34452
34458
34478
34492
34494
34498
34506
34515
34517
34520
34539
34540
34543
34552
34552
34554
34561
34575
34581
34593
34602
34612
34620
34626
34641
34648
34668
34692
34700
34705
34706
34719
34720
34723
34734
34739
34741
34757
34780
34786
34797
34801
34819
34820
34825
34829
34839
34844
34845
34850
34868
34884
34890
34890
34890
34895
34895
34909
34926
34950
34952
34957
34966
34969
34984
34984
35018
35028
35058
35058
35072
35079
35106
35110
35117
35122
35125
35132
35154
35165
35177
35183
35200
35202
35203
35211
35212
35213
35235
35239
35239
35239
35249
35306
35315
35344
35361
35387
35390
35396
35402
35428
35449
35450
35456
35476
35480
35494
35503
35514
35517
35519
35519
35551
35578
35616
35631
35635
35645
35648
35649
35650
35652
35674
35676
35677
35684
35696
35723
35752
35762
35776
35789
35794
35796
35825
35831
35844
35850
35855
35864
35872
35877
35881
35881
35884
35895
35901
35905
35908
35914
35956
35958
35962
35973
35976
35976
35978
35993
35996
35998
36006
36008
36012
36026
36029
36058
36086
36093
36123
36124
36129
36148
36151
36156
36160
36164
36177
36184
36213
36215
36229
36237
36239
36239
36254
36260
36263
36265
36269
36276
36276
36277
36277
36282
36282
36296
36308
36314
36329
36350
36352
36371
36372
36386
36387
36400
36400
36421
36423
36424
36426
36458
36462
36486
36498
36511
36514
36522
36528
36529
36540
36547
36547
36554
36560
36561
36570
36600
36606
36617
36620
36622
36634
36648
36654
36657
36668
36669
36680
36712
36723
36741
36746
36748
36752
36763
36774
36776
36782
36793
36796
36798
36806
36811
36819
36834
36866
36866
36875
36880
36881
36883
36883
36888
36889
36914
36923
36927
36930
36931
36936
36944
36953
36955
36980
36983
36992
36999
37019
37021
37028
37034
37055
37057
37074
37080
37086
37088
37092
37098
37099
37115
37117
37121
37122
37136
37136
37154
37168
37171
37186
37190
37194
37199
37206
37213
37216
37229
37230
37252
37276
37279
37284
37291
37294
37296
37300
37302
37303
37309
37310
37311
37318
37330
37335
37361
37368
37409
37410
37430
37445
37448
37467
37469
37480
37499
37504
37508
37509
37519
37522
37535
37545
37545
37572
37576
37578
37585
37593
37595
37616
37620
37626
37642
37645
37645
37650
37658
37663
37668
37669
37678
37701
37718
37719
37735
37737
37740
37741
37743
37753
37761
37765
37768
37768
37786
37812
37825
37855
37875
37888
37890
37897
37898
37903
37913
37916
37920
37945
37947
37948
37953
37981
37983
37993
37999
38022
38025
38029
38046
38048
38078
38100
38108
38114
38118
38138
38141
38141
38146
38148
38151
38172
38180
38228
38234
38237
38243
38277
38280
38280
38283
38287
38289
38304
38330
38330
38346
38348
38367
38375
38382
38397
38398
38410
38415
38420
38427
38430
38447
38447
38469
38479
38535
38544
38559
38578
38618
38627
38636
38639
38653
38655
38673
38673
38698
38719
38764
38766
38785
38791
38801
38838
38851
38863
38868
38889
38890
38893
38893
38902
38904
38908
38910
38913
38935
38941
38952
38962
38964
38966
38970
38987
39004
39009
39013
39014
39014
39017
39026
39028
39035
39036
39076
39084
39107
39109
39123
39142
39148
39173
39213
39239
39243
39247
39255
39262
39263
39265
39270
39291
39294
39296
39297
39301
39313
39362
39371
39375
39378
39380
39388
39394
39434
39446
39447
39469
39509
39542
39543
39545
39563
39563
39569
39578
39597
39611
39617
39630
39632
39637
39665
39691
39691
39707
39715
39720
39721
39730
39737
39737
39742
39747
39748
39750
39758
39799
39800
39801
39813
39817
39846
39870
39873
39885
39893
39900
39920
39934
39941
39944
39952
39966
39971
39982
39984
39992
40002
40010
40016
40017
40022
40022
40025
40058
40078
40101
40146
40150
40163
40167
40175
40193
40199
40210
40210
40212
40222
40235
40239
40242
40254
40266
40269
40269
40280
40298
40324
40332
40337
40347
40349
40358
40361
40364
40366
40367
40386
40395
40400
40417
40423
40429
40430
40440
40448
40469
40486
40497
40498
40499
40511
40514
40516
40529
40543
40558
40561
40577
40579
40584
40591
40607
40607
40612
40630
40634
40636
40651
40676
40684
40690
40696
40699
40700
40713
40723
40723
40724
40731
40733
40761
40781
40782
40792
40821
40838
40848
40849
40865
40865
40887
40891
40910
40910
40943
40974
40978
40999
41009
41049
41058
41082
41086
41093
41123
41142
41161
41175
41203
41224
41231
41240
41265
41274
41278
41279
41286
41297
41303
41305
41312
41317
41319
41327
41335
41335
41346
41350
41356
41360
41360
41365
41382
41410
41413
41426
41428
41430
41435
41450
41451
41452
41455
41457
41465
41472
41491
41492
41505
41505
41507
41511
41516
41526
41528
41528
41582
41591
41608
41612
41639
41654
41683
41687
41688
41688
41695
41733
41733
41734
41735
41744
41754
41764
41813
41813
41828
41830
41845
41856
41877
41892
41894
41900
41902
41914
41915
41916
41919
41922
41955
41956
41958
41962
41975
41978
41999
42003
42004
42022
42029
42034
42066
42068
42104
42104
42111
42114
42126
42131
42145
42148
42148
42149
42154
42156
42161
42178
42196
42199
42206
42215
42218
42234
42242
42246
42248
42250
42253
42257
42284
42301
42301
42303
42311
42323
42340
42353
42371
42375
42384
42387
42391
42395
42402
42403
42408
42417
42453
42457
42457
42462
42466
42479
42485
42491
42502
42508
42509
42515
42540
42543
42568
42572
42586
42589
42591
42601
42604
42611
42621
42629
42659
42665
42683
42701
42707
42724
42732
42743
42761
42830
42834
42838
42843
42856
42879
42889
42894
42916
42921
42924
42926
42930
42940
42953
42958
42962
42979
42986
42986
43004
43018
43019
43024
43030
43040
43045
43054
43057
43067
43089
43093
43129
43130
43173
43174
43178
43185
43192
43200
43208
43214
43216
43230
43238
43253
43268
43276
43281
43298
43312
43346
43357
43383
43401
43407
43429
43431
43440
43462
43465
43467
43469
43469
43496
43501
43514
43531
43533
43551
43551
43559
43562
43563
43570
43577
43580
43602
43608
43641
43650
43651
43664
43675
43689
43692
43696
43701
43702
43716
43718
43719
43729
43741
43751
43793
43808
43811
43815
43822
43826
43830
43845
43857
43882
43900
43901
43908
43908
43915
43917
43917
43923
43924
43931
43961
43969
43992
44003
44004
44008
44008
44011
44019
44036
44067
44069
44071
44075
44078
44094
44098
44100
44124
44124
44130
44138
44163
44168
44169
44176
44178
44184
44202
44206
44224
44225
44234
44234
44241
44255
44275
44288
44289
44293
44315
44321
44335
44349
44356
44358
44376
44408
44427
44427
44429
44438
44445
44478
44491
44492
44495
44501
44511
44518
44518
44519
44528
44531
44538
44548
44548
44549
44552
44560
44572
44591
44597
44615
44644
44689
44690
44701
44716
44747
44753
44808
44808
44810
44819
44827
44827
44828
44829
44835
44837
44851
44852
44864
44867
44877
44893
44902
44907
44910
44929
44944
44949
44969
44991
44992
44993
45004
45004
45004
45011
45028
45034
45048
45049
45049
45072
45083
45093
45105
45108
45108
45111
45121
45129
45133
45137
45137
45139
45164
45168
45192
45208
45216
45244
45248
45267
45301
45305
45307
45319
45335
45341
45352
45358
45375
45387
45398
45424
45428
45438
45442
45458
45462
45462
45470
45470
45477
45506
45509
45512
45515
45530
45536
45547
45561
45616
45641
45643
45652
45658
45684
45685
45701
45713
45723
45741
45752
45753
45757
45770
45790
45800
45807
45819
45839
45841
45856
45862
45913
45915
45927
45935
45959
45965
45981
45984
45984
46011
46011
46021
46033
46039
46043
46043
46058
46060
46077
46081
46091
46100
46129
46164
46201
46203
46207
46218
46222
46226
46246
46248
46255
46276
46287
46287
46293
46313
46319
46327
46330
46332
46337
46344
46363
46365
46373
46379
46381
46388
46388
46393
46412
46422
46430
46448
46462
46467
46468
46472
46476
46487
46508
46512
46517
46518
46522
46528
46543
46563
46568
46572
46606
46606
46607
46620
46625
46627
46634
46656
46659
46660
46678
46688
46689
46689
46692
46699
46712
46722
46754
46765
46766
46781
46784
46793
46795
46806
46821
46845
46852
46903
46921
46922
46926
46939
46941
46942
47000
47002
47013
47021
47021
47027
47045
47047
47067
47115
47115
47148
47157
47170
47185
47186
47208
47214
47219
47219
47221
47269
47275
47277
47284
47293
47296
47301
47305
47308
47334
47343
47345
47356
47360
47388
47394
47399
47406
47411
47415
47419
47435
47435
47445
47448
47463
47471
47479
47500
47503
47513
47516
47516
47517
47525
47528
47532
47546
47579
47587
47639
47641
47644
47667
47684
47701
47730
47731
47739
47743
47749
47751
47760
47770
47779
47786
47794
47795
47798
47810
47811
47819
47835
47858
47861
47867
47884
47887
47888
47890
47898
47904
47913
47913
47924
47932
47963
47978
47988
48011
48015
48025
48036
48037
48039
48042
48043
48046
48067
48082
48099
48113
48143
48152
48168
48183
48187
48187
48196
48212
48213
48240
48242
48249
48252
48253
48259
48261
48265
48281
48282
48288
48306
48311
48326
48333
48357
48368
48373
48382
48387
48388
48409
48416
48425
48440
48447
48464
48472
48478
48502
48511
48514
48517
48519
48527
48546
48548
48556
48593
48626
48626
48632
48640
48655
48659
48660
48662
48675
48696
48703
48716
48721
48725
48738
48739
48741
48771
48784
48789
48793
48794
48799
48812
48815
48821
48828
48829
48837
48837
48842
48853
48853
48859
48865
48867
48893
48910
48914
48915
48918
48926
48927
48933
48938
48957
48962
48974
48982
48989
48993
48997
49011
49022
49023
49029
49030
49030
49035
49052
49063
49082
49087
49087
49089
49089
49107
49113
49114
49115
49119
49134
49144
49154
49203
49206
49225
49227
49234
49237
49238
49244
49245
49257
49267
49267
49267
49274
49276
49278
49282
49283
49284
49310
49329
49332
49340
49349
49363
49368
49375
49386
49390
49392
49401
49410
49410
49419
49420
49431
49440
49445
49458
49474
49474
49480
49482
49505
49528
49530
49558
49558
49559
49560
49595
49607
49610
49638
49640
49650
49659
49660
49660
49661
49667
49671
49682
49689
49690
49691
49696
49701
49703
49705
49718
49720
49724
49742
49743
49744
49764
49766
49771
49780
49785
49793
49795
49827
49841
49848
49860
49868
49870
49903
49904
49910
49929
49944
49949
49958
49960
49988
