8
55
70
71
93
94
98
105
127
129
171
218
253
254
279
283
292
295
362
368
372
386
401
404
453
461
462
481
528
567
596
634
662
714
730
735
752
852
879
928
959
963
1041
1066
1072
1105
1188
1254
1258
1266
1309
1316
1394
1400
1412
1419
1434
1451
1520
1553
1592
1628
1644
1646
1697
1704
1763
1810
1826
1832
1840
1841
1875
1900
1971
1993
2030
2037
2044
2080
2116
2124
2156
2161
2176
2177
2187
2263
2284
2300
2319
2330
2356
2373
2398
2520
2529
2532
2538
2556
2560
2569
2584
2599
2667
2686
2716
2730
2736
2762
2792
2823
2837
2901
2909
2928
2930
2956
2984
2985
2986
2992
3010
3013
3025
3046
3075
3087
3131
3142
3151
3162
3190
3241
3251
3276
3283
3334
3367
3395
3538
3542
3560
3586
3626
3626
3643
3657
3661
3691
3760
3815
3841
3848
3856
3867
3923
3946
3947
3954
3991
4021
4129
4167
4211
4281
4295
4296
4306
4320
4355
4368
4375
4410
4419
4430
4434
4436
4451
4471
4476
4523
4549
4551
4562
4586
4600
4621
4628
4736
4784
4786
4822
4854
4925
4938
4943
4955
4967
4975
5020
5024
5025
5049
5055
5110
5112
5135
5138
5222
5234
5248
5261
5323
5328
5379
5382
5397
5458
5492
5505
5568
5586
5598
5615
5623
5687
5698
5699
5721
5740
5743
5743
5774
5801
5819
5823
5839
5849
5877
5941
5981
6011
6036
6071
6090
6099
6132
6173
6194
6200
6229
6233
6237
6310
6316
6353
6394
6416
6470
6472
6476
6496
6515
6522
6548
6602
6683
6688
6714
6714
6732
6746
6760
6781
6786
6806
6816
6846
6864
6871
6888
6899
6916
6988
6991
6991
7007
7019
7024
7064
7124
7166
7215
7225
7228
7252
7254
7268
7306
7357
7371
7381
7386
7406
7420
7440
7450
7472
7480
7538
7545
7546
7584
7591
7606
7628
7632
7709
7726
7750
7754
7764
7770
7781
7852
7872
7906
7923
7941
8020
8085
8090
8122
8124
8141
8153
8186
8197
8200
8228
8247
8254
8276
8324
8328
8342
8344
8345
8353
8380
8386
8390
8390
8411
8425
8467
8478
8495
8497
8507
8517
8590
8632
8632
8641
8651
8682
8708
8714
8723
8747
8823
8872
8886
8945
8960
8970
8977
8984
8997
8999
9022
9100
9134
9151
9160
9173
9204
9250
9392
9461
9523
9540
9558
9561
9605
9622
9721
9740
9742
9767
9789
9805
9832
9904
9913
9968
9987
10082
10106
10108
10148
10148
10276
10276
10277
10278
10312
10328
10342
10411
10412
10419
10456
10474
10492
10504
10525
10548
10552
10554
10602
10605
10607
10628
10651
10684
10694
10701
10749
10755
10771
10779
10814
10822
10858
10910
10919
10935
10936
10967
10974
11033
11043
11075
11077
11082
11094
11106
11110
11116
11187
11191
11211
11243
11247
11256
11346
11385
11398
11422
11465
11471
11486
11488
11492
11493
11501
11503
11588
11641
11656
11696
11699
11700
11726
11738
11794
11805
11821
11823
11864
11882
11893
11926
11939
11987
12014
12021
12040
12052
12084
12185
12186
12199
12242
12285
12295
12308
12325
12345
12361
12389
12420
12459
12469
12487
12489
12522
12569
12631
12671
12811
12818
12937
12941
12944
12963
12965
13003
13004
13012
13066
13076
13090
13140
13148
13152
13172
13191
13217
13243
13285
13315
13353
13384
13422
13430
13459
13477
13523
13629
13634
13646
13651
13656
13672
13762
13799
13884
13911
13916
13931
13935
13937
13940
13961
13977
13981
13986
14007
14032
14117
14123
14124
14150
14174
14197
14305
14363
14384
14384
14392
14432
14584
14639
14650
14697
14760
14768
14785
14806
14883
14883
14900
14971
14976
14979
15003
15019
15043
15089
15102
15162
15237
15247
15288
15315
15323
15361
15363
15389
15399
15442
15499
15527
15573
15602
15615
15621
15636
15651
15663
15671
15717
15796
15812
15825
15826
15829
15852
15885
15941
15944
15990
16013
16027
16075
16081
16100
16107
16108
16119
16134
16141
16160
16194
16233
16242
16270
16274
16299
16310
16327
16337
16390
16393
16422
16503
16513
16515
16521
16526
16588
16590
16591
16591
16604
16690
16702
16758
16781
16859
16868
16906
16915
16961
16971
16984
16987
17067
17140
17143
17149
17218
17221
17300
17333
17337
17358
17394
17395
17395
17458
17524
17542
17544
17575
17613
17635
17677
17738
17741
17755
17821
17824
17839
17879
17884
17899
17913
17930
17930
18010
18011
18037
18046
18048
18091
18092
18121
18126
18131
18173
18215
18230
18283
18287
18314
18387
18405
18437
18486
18491
18493
18502
18506
18683
18683
18694
18705
18726
18734
18769
18798
18802
18844
18859
18885
18911
18933
18941
18977
19005
19089
19099
19113
19151
19162
19163
19283
19323
19379
19414
19428
19431
19505
19528
19530
19532
19534
19562
19582
19605
19626
19634
19683
19683
19721
19738
19745
19751
19767
19771
19807
19817
19834
19856
19885
19931
19936
20003
20005
20017
20033
20049
20076
20089
20110
20118
20138
20156
20175
20181
20184
20218
20228
20357
20426
20469
20472
20476
20498
20514
20571
20637
20701
20711
20748
20758
20773
20796
20845
20867
20870
20873
20899
20903
20917
20929
20961
20965
20990
21003
21009
21009
21014
21049
21059
21097
21106
21112
21130
21135
21155
21167
21175
21212
21270
21273
21301
21328
21331
21334
21353
21404
21410
21417
21420
21433
21443
21445
21467
21489
21489
21503
21557
21566
21637
21646
21678
21702
21733
21767
21773
21779
21809
21811
21883
21920
21931
21962
22012
22058
22080
22097
22133
22163
22163
22166
22187
22196
22237
22242
22279
22308
22351
22393
22434
22549
22551
22556
22676
22685
22696
22731
22744
22761
22774
22793
22796
22803
22827
22868
22874
22944
22960
22962
22986
22990
23010
23027
23090
23197
23223
23244
23250
23275
23316
23337
23346
23347
23388
23471
23505
23538
23559
23576
23610
23678
23732
23764
23815
23845
23848
23861
23897
23910
23925
23981
23984
24047
24058
24115
24120
24128
24160
24161
24175
24247
24336
24347
24364
24393
24407
24444
24476
24484
24490
24495
24569
24583
24598
24621
24640
24690
24698
24701
24735
24736
24743
24769
24769
24786
24828
24864
24928
24961
25047
25057
25072
25085
25086
25173
25198
25208
25208
25284
25289
25308
25337
25355
25378
25411
25439
25467
25496
25505
25506
25508
25522
25546
25547
25557
25569
25573
25578
25658
25692
25733
25753
25763
25794
25800
25807
25836
25840
25843
25884
25933
25962
26006
26028
26062
26097
26103
26115
26149
26180
26223
26242
26242
26255
26284
26299
26307
26328
26333
26366
26373
26384
26424
26438
26492
26531
26538
26577
26599
26646
26647
26677
26731
26741
26747
26751
26772
26777
26782
26802
26836
26850
26882
26900
26922
26933
26969
26983
26994
27028
27041
27112
27131
27187
27196
27273
27424
27436
27562
27596
27607
27634
27638
27652
27680
27722
27755
27761
27825
27842
27873
27920
27921
28010
28010
28011
28016
28056
28107
28127
28129
28172
28188
28232
28262
28279
28316
28444
28458
28480
28487
28493
28508
28541
28601
28609
28618
28654
28671
28677
28691
28716
28725
28727
28735
28742
28743
28831
28898
28898
28951
29011
29039
29043
29066
29073
29075
29130
29144
29164
29171
29185
29204
29243
29312
29382
29409
29454
29542
29559
29561
29578
29586
29588
29594
29641
29666
29714
29745
29746
29754
29780
29780
29786
29807
29826
29829
29845
29847
29859
29860
29873
29887
29896
29896
29913
29919
29927
29977
30051
30078
30142
30152
30267
30270
30291
30410
30433
30433
30446
30451
30455
30470
30477
30479
30505
30516
30519
30540
30552
30617
30631
30636
30655
30668
30697
30701
30750
30752
30804
30808
30821
30840
30867
30875
30879
30893
30929
30970
31022
31040
31096
31104
31114
31149
31154
31189
31254
31261
31270
31331
31351
31351
31386
31409
31437
31453
31509
31525
31540
31548
31558
31571
31578
31582
31612
31640
31661
31668
31704
31729
31785
31818
31853
31860
31867
31882
31895
31904
31904
31909
31941
31958
31996
32036
32092
32127
32212
32245
32245
32271
32281
32299
32300
32307
32350
32412
32419
32463
32464
32468
32474
32499
32507
32519
32556
32608
32614
32614
32683
32707
32725
32787
32797
32805
32810
32850
32882
32920
32938
32946
32963
33003
33041
33066
33149
33173
33293
33298
33330
33339
33351
33364
33398
33449
33462
33478
33553
33609
33610
33620
33621
33628
33711
33725
33746
33747
33752
33778
33848
33910
33915
33925
33925
33929
33943
33976
33992
33998
34128
34185
34191
34194
34216
34220
34224
34243
34244
34248
34390
34407
34436
34451
34458
34492
34498
34552
34552
34561
34593
34620
34641
34692
34706
34720
34723
34741
34757
34780
34786
34797
34819
34820
34825
34839
34844
34926
34950
34957
34984
35018
35058
35072
35122
35132
35177
35202
35211
35213
35235
35315
35344
35361
35390
35494
35503
35517
35519
35616
35631
35648
35677
35723
35789
35796
35850
35864
35877
35884
35901
35905
35956
35976
35976
35993
35998
36008
36026
36086
36093
36124
36129
36148
36164
36177
36215
36229
36239
36265
36269
36277
36314
36329
36371
36372
36386
36400
36400
36424
36458
36514
36528
36540
36547
36600
36617
36620
36634
36648
36654
36657
36668
36669
36680
36723
36796
36806
36819
36866
36880
36883
36889
36931
36936
36999
37028
37055
37057
37074
37088
37098
37117
37122
37136
37194
37229
37279
37284
37291
37294
37300
37302
37309
37311
37318
37330
37335
37368
37467
37504
37508
37509
37522
37576
37578
37620
37626
37650
37668
37678
37718
37719
37735
37741
37743
37753
37761
37768
37825
37855
37890
37897
37898
37903
37913
37945
37948
37953
38025
38048
38078
38138
38141
38141
38146
38148
38151
38243
38287
38289
38304
38348
38375
38382
38410
38427
38447
38447
38578
38636
38653
38673
38698
38764
38785
38791
38801
38838
38863
38868
38902
38910
38935
38962
38966
38970
39004
39009
39013
39014
39017
39026
39076
39123
39142
39262
39294
39297
39301
39371
39375
39378
39434
39447
39509
39545
39563
39563
39617
39632
39637
39715
39730
39737
39747
39748
39799
39800
39817
39846
39870
39873
39893
39934
39944
39952
39966
39982
39984
40010
40017
40022
40058
40146
40210
40212
40235
40269
40280
40337
40358
40366
40386
40400
40430
40486
40497
40499
40514
40516
40529
40558
40577
40579
40584
40630
40634
40676
40696
40724
40733
40781
40943
41058
41082
41086
41093
41142
41240
41265
41279
41297
41312
41317
41319
41335
41360
41382
41413
41426
41428
41430
41435
41451
41452
41457
41492
41505
41526
41582
41608
41654
41688
41695
41733
41733
41856
41900
41914
41919
41962
41978
41999
42004
42022
42034
42104
42111
42114
42131
42148
42149
42206
42218
42234
42248
42253
42257
42301
42303
42311
42323
42375
42408
42457
42457
42462
42466
42508
42509
42591
42601
42611
42629
42665
42683
42834
42921
42926
42953
42962
42979
42986
43018
43040
43057
43129
43174
43178
43192
43200
43216
43238
43253
43276
43281
43298
43312
43407
43429
43467
43496
43514
43551
43602
43650
43651
43719
43729
43751
43811
43815
43900
43901
43908
43915
43917
44003
44004
44008
44011
44019
44036
44098
44130
44168
44176
44178
44184
44202
44224
44234
44241
44288
44289
44315
44321
44427
44429
44445
44492
44511
44519
44528
44548
44548
44549
44591
44597
44615
44747
44810
44819
44827
44828
44829
44835
44851
44877
44893
44902
44929
44944
44949
44992
45011
45028
45034
45093
45105
45108
45111
45129
45133
45137
45139
45335
45358
45428
45442
45512
45547
45561
45652
45658
45713
45741
45757
45839
45841
45856
45959
45965
45981
45984
45984
46011
46043
46043
46060
46091
46100
46201
46207
46218
46276
46287
46313
46327
46330
46363
46365
46379
46388
46388
46430
46448
46468
46476
46487
46508
46568
46572
46606
46606
46620
46625
46656
46659
46660
46688
46689
46692
46712
46806
46903
46921
46922
46939
46942
47002
47021
47045
47047
47148
47185
47219
47221
47277
47284
47296
47301
47308
47334
47399
47411
47435
47445
47471
47500
47513
47516
47517
47528
47546
47667
47701
47751
47760
47779
47786
47811
47819
47861
47867
47888
47898
47932
47978
48015
48082
48099
48143
48187
48187
48212
48240
48252
48253
48306
48326
48333
48357
48373
48387
48409
48416
48425
48440
48464
48502
48511
48655
48716
48771
48784
48794
48799
48828
48829
48837
48837
48865
48867
48926
48933
48957
48993
48997
49022
49023
49087
49089
49107
49113
49114
49227
49257
49267
49278
49310
49349
49401
49420
49431
49458
49474
49482
49528
49530
49558
49558
49559
49595
49638
49660
49690
49691
49703
49705
49718
49766
49780
49827
49860
49870
49903
49904
49929
49949
