8
13
16
23
31
53
55
56
69
70
71
77
78
79
83
86
93
94
97
98
105
127
129
132
137
148
153
162
167
171
176
178
186
190
195
211
211
213
216
218
223
226
253
254
260
268
269
272
277
279
283
290
292
295
295
309
311
314
317
328
330
336
337
351
351
355
362
368
370
371
372
386
391
397
398
400
401
402
402
404
407
408
411
412
418
424
433
440
441
447
451
453
455
461
462
468
469
472
477
477
481
488
496
504
509
525
528
537
539
548
549
552
567
575
578
579
591
591
596
597
609
620
627
634
662
664
664
672
676
692
713
714
727
729
730
735
735
743
752
752
755
759
763
770
776
783
790
790
793
794
795
798
804
804
813
815
820
823
826
826
826
831
833
841
851
852
856
868
873
879
879
908
912
913
920
920
924
928
928
935
938
939
952
959
963
965
969
970
982
983
989
991
1003
1004
1015
1026
1041
1049
1051
1066
1068
1072
1077
1084
1105
1107
1116
1116
1123
1133
1134
1135
1139
1160
1163
1165
1168
1169
1183
1188
1194
1199
1223
1235
1239
1239
1240
1246
1254
1254
1255
1258
1258
1266
1291
1294
1307
1309
1312
1313
1316
1318
1325
1330
1342
1363
1369
1374
1375
1380
1381
1386
1394
1400
1401
1404
1409
1411
1411
1412
1419
1420
1420
1423
1425
1428
1434
1442
1451
1454
1457
1473
1487
1489
1494
1496
1502
1515
1520
1521
1534
1537
1539
1540
1542
1545
1547
1553
1555
1561
1569
1584
1585
1589
1592
1595
1597
1600
1601
1607
1608
1609
1611
1612
1613
1618
1627
1628
1630
1634
1640
1640
1644
1644
1645
1646
1665
1687
1688
1688
1693
1697
1698
1701
1701
1702
1702
1704
1712
1714
1714
1717
1738
1740
1743
1744
1746
1763
1766
1772
1772
1776
1785
1797
1803
1810
1813
1818
1826
1828
1832
1837
1838
1839
1840
1841
1842
1843
1845
1845
1848
1852
1854
1862
1862
1875
1879
1890
1896
1896
1897
1900
1930
1935
1961
1965
1968
1971
1993
2002
2003
2013
2021
2026
2028
2029
2030
2031
2037
2042
2044
2050
2050
2051
2055
2058
2072
2077
2080
2087
2095
2098
2102
2110
2116
2124
2126
2127
2133
2135
2136
2139
2145
2147
2149
2156
2156
2161
2171
2176
2177
2186
2187
2193
2203
2204
2205
2205
2208
2208
2208
2216
2219
2227
2247
2247
2248
2263
2266
2269
2271
2271
2273
2274
2277
2284
2300
2313
2315
2319
2319
2321
2321
2322
2325
2330
2341
2348
2351
2356
2359
2360
2362
2367
2371
2373
2379
2383
2397
2398
2401
2407
2407
2413
2415
2419
2431
2442
2445
2458
2459
2465
2485
2486
2494
2502
2513
2515
2520
2525
2526
2529
2530
2532
2536
2538
2538
2541
2547
2555
2556
2560
2569
2580
2581
2582
2584
2584
2593
2596
2599
2616
2616
2617
2633
2643
2644
2650
2667
2671
2675
2679
2681
2686
2686
2694
2701
2708
2716
2716
2725
2730
2736
2740
2745
2762
2767
2771
2773
2786
2789
2792
2808
2819
2823
2825
2837
2838
2848
2852
2861
2870
2876
2878
2879
2887
2887
2890
2891
2892
2901
2906
2909
2916
2918
2920
2924
2928
2930
2932
2942
2951
2956
2962
2965
2974
2984
2985
2986
2987
2987
2991
2992
3000
3010
3010
3013
3020
3025
3030
3037
3040
3045
3046
3061
3066
3068
3069
3075
3080
3080
3083
3085
3087
3097
3101
3103
3105
3107
3111
3120
3121
3128
3131
3131
3142
3143
3145
3151
3162
3179
3185
3186
3190
3191
3194
3197
3198
3198
3199
3200
3200
3209
3209
3211
3215
3238
3238
3241
3251
3260
3262
3269
3276
3278
3283
3284
3287
3289
3290
3297
3298
3298
3303
3307
3315
3334
3337
3345
3348
3355
3367
3381
3395
3398
3404
3422
3423
3427
3436
3436
3437
3448
3457
3471
3490
3495
3501
3504
3504
3509
3521
3530
3533
3538
3542
3550
3560
3562
3563
3568
3568
3586
3593
3597
3599
3600
3605
3617
3622
3626
3626
3642
3643
3649
3656
3657
3657
3660
3661
3661
3666
3667
3668
3668
3671
3673
3681
3691
3698
3700
3716
3721
3724
3731
3733
3737
3743
3746
3760
3762
3767
3772
3784
3798
3799
3807
3807
3811
3815
3817
3821
3822
3826
3829
3831
3841
3843
3846
3846
3848
3849
3850
3851
3856
3857
3857
3858
3867
3867
3868
3873
3878
3884
3890
3895
3897
3907
3913
3918
3923
3927
3929
3937
3943
3946
3946
3947
3954
3955
3968
3971
3978
3984
3986
3990
3991
3999
4000
4012
4021
4023
4024
4025
4036
4041
4051
4070
4073
4075
4076
4082
4087
4092
4093
4101
4129
4130
4136
4152
4152
4155
4160
4161
4167
4189
4190
4203
4208
4211
4224
4225
4228
4229
4230
4236
4237
4242
4256
4257
4261
4263
4265
4274
4277
4281
4286
4292
4292
4294
4295
4296
4306
4306
4309
4316
4320
4325
4331
4333
4334
4340
4343
4349
4351
4355
4356
4368
4371
4373
4375
4401
4410
4417
4419
4425
4425
4428
4429
4430
4430
4432
4433
4434
4436
4436
4445
4451
4457
4461
4462
4471
4474
4475
4476
4477
4480
4483
4490
4493
4496
4502
4503
4509
4509
4514
4517
4523
4526
4527
4535
4539
4549
4551
4551
4559
4562
4573
4574
4586
4590
4590
4596
4600
4603
4604
4604
4611
4614
4620
4621
4628
4629
4631
4633
4638
4646
4661
4670
4673
4681
4703
4712
4717
4726
4733
4736
4751
4766
4780
4782
4783
4784
4785
4785
4786
4805
4806
4809
4815
4817
4822
4824
4824
4829
4831
4833
4851
4854
4857
4860
4867
4871
4878
4880
4885
4887
4902
4902
4918
4923
4925
4936
4938
4939
4943
4944
4946
4951
4952
4954
4955
4957
4959
4959
4967
4975
4987
4989
4989
4994
4997
5013
5018
5020
5024
5025
5045
5048
5049
5055
5059
5066
5099
5104
5110
5112
5116
5120
5128
5134
5135
5137
5138
5139
5140
5141
5142
5148
5149
5149
5155
5173
5179
5183
5187
5188
5191
5194
5209
5210
5212
5222
5224
5224
5230
5232
5234
5239
5242
5243
5243
5246
5248
5249
5256
5257
5261
5274
5286
5288
5295
5298
5299
5301
5303
5308
5310
5312
5318
5323
5328
5341
5345
5348
5356
5358
5360
5367
5378
5379
5380
5380
5382
5383
5390
5397
5402
5408
5409
5421
5430
5442
5444
5455
5457
5458
5458
5463
5465
5466
5479
5485
5492
5492
5505
5507
5507
5525
5566
5566
5566
5568
5570
5586
5587
5587
5598
5606
5610
5615
5615
5621
5623
5623
5630
5639
5644
5653
5663
5683
5687
5698
5698
5699
5699
5701
5721
5724
5733
5737
5740
5742
5743
5743
5744
5748
5748
5749
5755
5767
5770
5773
5774
5776
5779
5782
5784
5786
5788
5789
5792
5800
5801
5803
5808
5809
5810
5819
5823
5831
5839
5840
5849
5851
5856
5866
5868
5875
5877
5885
5892
5899
5903
5913
5925
5932
5932
5939
5941
5948
5954
5955
5956
5961
5964
5965
5976
5981
5982
5984
5990
6001
6011
6013
6023
6024
6033
6036
6045
6053
6069
6071
6071
6072
6078
6086
6090
6091
6093
6098
6099
6099
6102
6105
6105
6108
6110
6112
6119
6122
6126
6128
6128
6132
6135
6137
6142
6173
6174
6174
6181
6184
6194
6195
6200
6200
6204
6210
6220
6225
6229
6233
6237
6243
6243
6246
6256
6262
6264
6268
6271
6273
6280
6288
6291
6298
6298
6304
6310
6313
6316
6328
6329
6341
6342
6349
6350
6352
6353
6365
6369
6376
6378
6386
6390
6390
6392
6394
6394
6396
6398
6405
6412
6413
6414
6416
6419
6440
6443
6444
6451
6456
6463
6464
6470
6472
6476
6477
6481
6495
6496
6507
6512
6514
6515
6522
6524
6529
6532
6537
6538
6547
6548
6553
6570
6573
6576
6576
6585
6590
6591
6596
6600
6602
6610
6625
6625
6628
6636
6643
6648
6651
6653
6656
6671
6672
6673
6679
6681
6683
6685
6688
6688
6712
6714
6714
6715
6719
6727
6732
6746
6757
6759
6760
6776
6780
6781
6786
6786
6792
6792
6796
6804
6806
6816
6816
6824
6835
6841
6844
6846
6847
6857
6864
6865
6867
6871
6876
6876
6877
6883
6885
6888
6890
6893
6893
6896
6899
6902
6905
6916
6925
6926
6926
6926
6928
6929
6935
6939
6943
6946
6947
6949
6950
6951
6953
6976
6982
6985
6988
6991
6991
6996
6999
7007
7010
7016
7019
7024
7036
7052
7053
7054
7057
7062
7064
7077
7093
7111
7124
7125
7126
7130
7147
7151
7157
7157
7166
7168
7176
7191
7206
7207
7209
7215
7221
7223
7225
7226
7226
7228
7231
7232
7235
7242
7247
7250
7252
7254
7268
7268
7271
7277
7279
7279
7280
7280
7281
7286
7297
7298
7306
7308
7335
7337
7341
7341
7344
7354
7356
7357
7371
7381
7382
7383
7386
7390
7396
7397
7402
7406
7412
7412
7419
7419
7420
7426
7430
7440
7445
7450
7450
7453
7460
7466
7472
7474
7475
7480
7497
7499
7502
7503
7505
7505
7511
7520
7523
7536
7538
7542
7544
7545
7545
7546
7546
7570
7574
7580
7582
7584
7591
7593
7593
7595
7598
7600
7600
7601
7604
7606
7607
7628
7632
7633
7634
7644
7645
7651
7655
7664
7665
7671
7672
7673
7679
7683
7685
7686
7692
7693
7705
7709
7723
7726
7742
7748
7750
7754
7763
7764
7767
7770
7781
7782
7786
7790
7793
7819
7827
7832
7832
7836
7852
7855
7859
7865
7868
7868
7869
7872
7880
7881
7881
7883
7888
7892
7905
7906
7906
7923
7934
7936
7940
7941
7942
7943
7959
7961
7961
7965
7970
7970
7973
7976
8004
8016
8020
8021
8027
8028
8029
8041
8042
8047
8054
8058
8066
8073
8085
8088
8090
8101
8106
8107
8110
8121
8122
8124
8132
8134
8141
8148
8153
8165
8169
8176
8177
8180
8182
8186
8186
8188
8195
8197
8200
8200
8209
8214
8226
8227
8228
8245
8247
8248
8253
8254
8257
8262
8267
8268
8274
8276
8278
8279
8285
8288
8299
8302
8316
8324
8328
8336
8339
8342
8344
8344
8345
8351
8353
8356
8357
8358
8367
8380
8386
8390
8390
8411
8411
8415
8422
8425
8428
8437
8443
8458
8467
8475
8478
8480
8480
8489
8495
8497
8499
8503
8507
8509
8513
8517
8518
8527
8536
8556
8558
8562
8565
8566
8588
8589
8590
8597
8599
8606
8611
8613
8619
8622
8625
8630
8632
8632
8634
8637
8640
8641
8641
8644
8648
8650
8651
8666
8675
8682
8683
8708
8712
8714
8723
8726
8727
8729
8747
8750
8783
8809
8818
8822
8823
8823
8827
8829
8872
8872
8886
8887
8898
8900
8901
8901
8904
8914
8916
8921
8929
8930
8943
8945
8950
8950
8960
8965
8966
8970
8972
8972
8975
8976
8977
8984
8987
8992
8997
8999
9002
9010
9011
9021
9022
9022
9024
9025
9026
9029
9029
9063
9073
9084
9099
9100
9103
9109
9117
9117
9134
9148
9151
9154
9156
9160
9161
9166
9167
9173
9177
9181
9190
9197
9199
9204
9211
9221
9222
9230
9235
9236
9239
9242
9249
9250
9256
9264
9267
9271
9287
9297
9300
9303
9308
9309
9314
9315
9320
9324
9331
9331
9337
9341
9342
9342
9351
9364
9366
9369
9381
9382
9392
9398
9413
9417
9420
9447
9453
9461
9471
9476
9478
9485
9490
9494
9502
9510
9510
9512
9523
9525
9533
9534
9540
9543
9543
9558
9558
9561
9565
9579
9581
9582
9591
9602
9605
9610
9615
9620
9622
9623
9645
9652
9665
9665
9669
9669
9672
9675
9677
9690
9708
9712
9721
9725
9726
9727
9727
9732
9738
9740
9741
9742
9743
9748
9752
9764
9767
9786
9789
9792
9795
9797
9803
9805
9808
9816
9817
9823
9824
9825
9826
9831
9832
9833
9835
9836
9837
9838
9841
9843
9854
9863
9864
9867
9869
9872
9874
9881
9883
9887
9894
9897
9898
9903
9904
9908
9910
9913
9921
9925
9926
9937
9940
9948
9951
9956
9959
9960
9964
9966
9967
9968
9977
9983
9984
9987
9988
9991
9992
9992
10005
10009
10009
10017
10021
10026
10027
10036
10047
10051
10053
10058
10062
10068
10068
10082
10083
10085
10092
10104
10106
10107
10108
10113
10117
10123
10126
10132
10148
10148
10160
10173
10184
10190
10192
10195
10197
10202
10212
10212
10216
10216
10217
10222
10228
10229
10231
10244
10245
10274
10276
10276
10277
10278
10283
10312
10312
10319
10325
10325
10328
10330
10333
10335
10336
10342
10346
10353
10354
10357
10383
10395
10395
10401
10408
10411
10412
10412
10415
10419
10432
10442
10444
10447
10449
10450
10456
10469
10474
10486
10492
10493
10496
10500
10503
10504
10505
10521
10522
10525
10539
10548
10552
10554
10567
10579
10580
10582
10583
10602
10603
10605
10607
10622
10622
10623
10625
10628
10628
10628
10642
10644
10651
10655
10658
10660
10666
10671
10675
10678
10684
10684
10694
10696
10700
10701
10706
10707
10711
10711
10711
10749
10755
10759
10762
10769
10771
10779
10811
10814
10815
10815
10818
10818
10822
10830
10845
10848
10853
10858
10862
10868
10872
10889
10905
10908
10909
10910
10910
10912
10915
10919
10920
10923
10926
10935
10936
10936
10938
10943
10944
10945
10947
10951
10955
10959
10959
10960
10967
10973
10974
10978
11002
11002
11005
11011
11017
11026
11033
11034
11039
11043
11043
11048
11048
11054
11059
11062
11075
11077
11079
11079
11082
11085
11087
11094
11099
11101
11102
11106
11110
11113
11116
11117
11123
11129
11130
11135
11144
11145
11160
11160
11163
11163
11171
11174
11175
11186
11187
11191
11194
11198
11207
11209
11210
11211
11224
11228
11235
11243
11244
11247
11254
11256
11256
11258
11266
11275
11280
11284
11302
11306
11307
11307
11311
11312
11320
11322
11328
11329
11338
11346
11356
11362
11381
11385
11386
11386
11398
11415
11416
11422
11422
11428
11432
11438
11442
11457
11462
11465
11471
11472
11473
11477
11486
11488
11492
11493
11501
11503
11523
11543
11548
11550
11568
11569
11578
11580
11588
11588
11597
11604
11620
11626
11631
11632
11633
11641
11645
11645
11648
11656
11666
11675
11680
11683
11685
11689
11690
11691
11694
11696
11699
11699
11700
11718
11721
11726
11729
11738
11755
11777
11790
11794
11796
11799
11802
11805
11816
11820
11821
11823
11835
11837
11838
11838
11839
11846
11864
11865
11865
11868
11879
11882
11887
11888
11893
11899
11901
11902
11910
11911
11921
11926
11927
11933
11935
11939
11939
11939
11942
11948
11950
11952
11963
11974
11986
11987
11991
12007
12014
12018
12021
12028
12032
12033
12037
12040
12041
12044
12048
12049
12049
12052
12064
12082
12084
12087
12096
12103
12108
12111
12113
12118
12138
12140
12146
12147
12150
12150
12156
12175
12184
12184
12185
12186
12189
12191
12192
12192
12194
12199
12199
12200
12200
12205
12211
12221
12225
12229
12233
12242
12246
12257
12260
12260
12265
12283
12285
12286
12286
12288
12295
12304
12305
12308
12320
12323
12324
12325
12345
12350
12358
12360
12361
12376
12377
12381
12381
12381
12389
12392
12396
12420
12421
12429
12437
12448
12450
12450
12451
12451
12459
12459
12462
12466
12469
12471
12480
12487
12489
12495
12495
12496
12502
12520
12522
12532
12538
12544
12546
12547
12549
12556
12561
12566
12569
12570
12570
12576
12578
12583
12584
12590
12600
12604
12604
12609
12611
12620
12622
12631
12638
12641
12647
12654
12671
12681
12682
12687
12690
12694
12712
12712
12722
12725
12738
12739
12747
12751
12765
12770
12787
12791
12791
12811
12815
12818
12834
12835
12837
12842
12845
12848
12850
12853
12863
12871
12871
12873
12879
12887
12892
12896
12899
12900
12900
12906
12914
12915
12917
12928
12937
12941
12944
12944
12945
12951
12953
12953
12963
12965
12966
12967
12970
12992
12998
13001
13003
13004
13005
13011
13012
13015
13023
13030
13034
13049
13066
13068
13069
13070
13075
13076
13082
13085
13089
13090
13091
13104
13106
13112
13114
13118
13126
13130
13139
13140
13143
13148
13148
13152
13152
13158
13172
13172
13179
13191
13194
13194
13201
13201
13202
13207
13217
13217
13237
13239
13243
13251
13252
13255
13261
13285
13300
13304
13304
13315
13349
13350
13352
13353
13353
13382
13384
13396
13398
13403
13422
13422
13430
13450
13450
13453
13453
13454
13459
13477
13484
13491
13499
13499
13502
13513
13521
13523
13524
13527
13540
13546
13546
13589
13597
13600
13617
13619
13620
13623
13624
13629
13634
13638
13641
13646
13651
13652
13656
13657
13659
13672
13680
13688
13696
13696
13698
13711
13713
13723
13743
13744
13751
13753
13754
13754
13758
13759
13762
13762
13768
13773
13775
13783
13787
13790
13790
13799
13804
13815
13822
13826
13842
13844
13855
13855
13866
13875
13884
13891
13897
13901
13906
13909
13911
13916
13931
13932
13935
13937
13940
13957
13961
13961
13971
13977
13979
13981
13982
13985
13986
13989
13993
14003
14007
14017
14019
14024
14029
14032
14040
14042
14047
14053
14057
14066
14080
14093
14097
14100
14103
14108
14116
14117
14119
14121
14122
14123
14123
14124
14134
14135
14145
14150
14152
14161
14165
14165
14174
14185
14194
14196
14197
14198
14202
14217
14219
14224
14231
14243
14251
14255
14255
14260
14262
14280
14283
14284
14287
14292
14300
14302
14305
14307
14313
14334
14340
14346
14347
14349
14350
14358
14362
14363
14364
14366
14371
14374
14375
14377
14377
14384
14384
14388
14389
14392
14392
14404
14407
14407
14415
14418
14430
14432
14443
14472
14482
14486
14488
14488
14507
14509
14511
14514
14532
14541
14543
14546
14550
14552
14556
14573
14574
14582
14584
14588
14590
14608
14609
14610
14617
14633
14639
14639
14650
14663
14667
14676
14683
14688
14688
14691
14697
14706
14711
14716
14722
14723
14738
14749
14757
14760
14760
14768
14773
14773
14780
14784
14785
14790
14792
14794
14799
14806
14807
14823
14850
14853
14870
14872
14879
14882
14883
14883
14889
14897
14899
14900
14905
14913
14913
14945
14954
14957
14961
14965
14965
14971
14976
14979
14980
14981
14982
14984
14991
14993
15003
15003
15004
15013
15019
15019
15023
15032
15037
15039
15043
15065
15075
15076
15080
15089
15102
15102
15120
15132
15134
15139
15147
15162
15166
15167
15168
15172
15191
15195
15201
15202
15209
15211
15224
15227
15231
15234
15237
15237
15247
15250
15250
15268
15283
15286
15288
15295
15295
15298
15309
15315
15317
15320
15323
15326
15327
15331
15343
15348
15350
15350
15361
15363
15367
15369
15371
15377
15379
15389
15391
15399
15404
15424
15442
15444
15453
15471
15474
15499
15501
15505
15508
15509
15521
15523
15527
15528
15530
15554
15554
15562
15564
15573
15573
15578
15579
15579
15582
15588
15588
15597
15599
15602
15613
15614
15615
15618
15621
15621
15631
15636
15637
15639
15643
15643
15644
15651
15653
15656
15662
15663
15669
15669
15671
15702
15704
15710
15713
15717
15718
15738
15738
15740
15742
15763
15767
15768
15770
15770
15774
15774
15776
15776
15778
15796
15797
15798
15803
15812
15813
15825
15826
15826
15827
15829
15837
15843
15849
15849
15852
15862
15873
15878
15881
15883
15885
15886
15889
15916
15919
15931
15941
15944
15946
15959
15961
15964
15966
15969
15970
15973
15985
15990
16011
16013
16019
16025
16027
16036
16053
16054
16057
16063
16075
16081
16081
16088
16095
16100
16107
16108
16109
16113
16116
16118
16119
16124
16125
16134
16141
16143
16149
16151
16152
16160
16161
16170
16171
16181
16185
16193
16194
16203
16205
16207
16210
16218
16219
16219
16219
16233
16235
16235
16236
16239
16242
16242
16248
16252
16270
16272
16274
16284
16284
16296
16299
16310
16315
16327
16337
16338
16340
16342
16365
16375
16384
16385
16387
16388
16390
16393
16395
16396
16401
16407
16408
16417
16418
16422
16423
16429
16437
16440
16444
16453
16458
16480
16481
16486
16489
16490
16503
16505
16513
16515
16519
16521
16526
16526
16528
16528
16544
16547
16556
16556
16557
16562
16566
16569
16574
16582
16588
16590
16591
16591
16604
16620
16630
16635
16641
16646
16653
16654
16661
16665
16677
16678
16679
16690
16692
16698
16702
16703
16705
16705
16707
16717
16723
16735
16740
16758
16759
16766
16772
16772
16779
16781
16782
16782
16788
16796
16810
16812
16816
16823
16825
16837
16844
16846
16855
16859
16865
16868
16869
16884
16884
16900
16906
16906
16909
16910
16911
16915
16921
16928
16929
16935
16941
16950
16951
16961
16962
16963
16963
16968
16970
16971
16973
16976
16981
16984
16987
16989
16994
17001
17002
17007
17011
17013
17014
17018
17018
17026
17026
17031
17032
17046
17052
17062
17067
17072
17077
17089
17097
17098
17099
17109
17111
17113
17114
17119
17120
17122
17123
17134
17140
17143
17149
17160
17174
17197
17201
17218
17219
17221
17222
17227
17229
17232
17235
17250
17257
17260
17265
17299
17300
17316
17320
17324
17325
17327
17333
17334
17337
17339
17348
17348
17351
17358
17358
17359
17365
17367
17370
17370
17371
17381
17384
17385
17394
17395
17395
17397
17408
17413
17414
17421
17421
17428
17430
17433
17437
17452
17458
17459
17461
17462
17464
17468
17481
17491
17495
17500
17503
17508
17508
17512
17515
17516
17521
17524
17531
17532
17532
17537
17542
17543
17544
17575
17575
17576
17577
17580
17590
17595
17603
17608
17608
17613
17614
17616
17622
17624
17625
17627
17629
17633
17635
17636
17644
17662
17662
17666
17668
17677
17677
17677
17678
17685
17697
17699
17700
17703
17712
17713
17721
17738
17741
17745
17752
17753
17755
17770
17778
17780
17789
17794
17800
17804
17804
17808
17813
17821
17822
17824
17824
17827
17828
17831
17839
17843
17846
17848
17860
17860
17879
17880
17884
17899
17900
17904
17908
17913
17917
17920
17922
17925
17930
17930
17930
17934
17937
17939
17944
17952
17958
17958
17959
17971
17974
17978
17979
17994
17997
18010
18011
18020
18021
18029
18032
18037
18046
18048
18062
18063
18074
18076
18077
18081
18085
18086
18091
18092
18099
18101
18105
18106
18113
18118
18121
18126
18131
18134
18141
18150
18151
18156
18158
18168
18173
18173
18173
18178
18183
18183
18187
18191
18194
18196
18204
18213
18215
18216
18221
18230
18233
18245
18246
18256
18266
18271
18275
18281
18283
18286
18287
18291
18299
18303
18314
18320
18325
18326
18333
18357
18362
18363
18387
18387
18388
18396
18405
18413
18417
18423
18429
18431
18437
18439
18443
18461
18465
18466
18470
18486
18489
18491
18493
18493
18502
18506
18507
18523
18527
18529
18531
18531
18551
18556
18561
18568
18586
18589
18594
18594
18598
18599
18601
18620
18620
18629
18644
18647
18649
18652
18670
18680
18683
18683
18686
18690
18691
18693
18694
18702
18703
18705
18713
18720
18721
18723
18724
18726
18727
18732
18734
18737
18743
18748
18749
18752
18762
18769
18770
18779
18783
18790
18798
18799
18802
18803
18806
18806
18813
18814
18815
18825
18829
18844
18859
18862
18867
18868
18880
18881
18885
18893
18900
18905
18911
18922
18933
18941
18945
18955
18956
18961
18974
18977
18978
18980
18992
19004
19005
19010
19043
19050
19053
19055
19062
19064
19067
19078
19085
19089
19093
19096
19098
19099
19106
19113
19114
19130
19134
19141
19146
19151
19154
19155
19157
19159
19162
19163
19178
19185
19192
19202
19204
19204
19205
19206
19213
19214
19215
19231
19238
19257
19262
19262
19265
19269
19276
19283
19285
19293
19298
19298
19299
19301
19303
19306
19312
19318
19323
19339
19347
19350
19350
19364
19366
19374
19376
19379
19389
19392
19393
19402
19414
19418
19418
19428
19431
19432
19433
19446
19449
19456
19461
19461
19472
19476
19479
19489
19490
19496
19496
19504
19505
19511
19511
19511
19514
19517
19522
19527
19528
19530
19531
19532
19534
19543
19554
19561
19562
19568
19574
19577
19582
19584
19585
19593
19601
19605
19606
19614
19626
19631
19634
19637
19640
19640
19656
19659
19683
19683
19690
19692
19693
19695
19702
19713
19714
19715
19720
19721
19738
19738
19745
19747
19751
19754
19760
19760
19767
19768
19770
19770
19771
19771
19771
19774
19786
19788
19790
19794
19795
19799
19805
19807
19813
19817
19824
19826
19834
19838
19846
19855
19856
19858
19864
19866
19875
19885
19888
19914
19916
19917
19918
19921
19924
19931
19935
19936
19936
19939
19941
19943
19952
19955
19960
19969
19981
19998
20003
20005
20005
20006
20017
20017
20024
20028
20029
20033
20034
20039
20040
20040
20049
20058
20073
20075
20076
20089
20098
20099
20110
20110
20111
20118
20118
20124
20127
20132
20136
20138
20140
20143
20143
20146
20151
20153
20156
20161
20173
20175
20181
20184
20187
20217
20218
20218
20219
20220
20225
20227
20228
20238
20240
20260
20284
20286
20292
20292
20305
20311
20327
20350
20357
20359
20360
20363
20364
20371
20371
20373
20375
20380
20381
20384
20389
20394
20396
20401
20403
20410
20412
20412
20413
20419
20426
20430
20435
20440
20457
20464
20469
20472
20476
20477
20492
20498
20502
20514
20517
20529
20543
20550
20561
20568
20571
20571
20586
20588
20591
20592
20598
20600
20601
20611
20615
20618
20619
20629
20631
20632
20637
20657
20657
20661
20664
20668
20672
20695
20695
20701
20705
20711
20731
20731
20731
20734
20741
20743
20744
20748
20757
20758
20758
20773
20779
20783
20784
20794
20796
20809
20812
20820
20838
20838
20842
20845
20847
20851
20853
20862
20865
20867
20870
20873
20879
20883
20891
20899
20903
20914
20915
20917
20918
20923
20929
20929
20932
20940
20941
20941
20951
20959
20961
20965
20967
20985
20990
20995
21003
21003
21009
21009
21012
21013
21014
21025
21032
21033
21041
21049
21057
21059
21060
21061
21067
21080
21080
21082
21090
21097
21102
21106
21112
21116
21118
21120
21126
21127
21130
21135
21140
21142
21143
21155
21156
21158
21161
21167
21172
21175
21190
21200
21212
21213
21217
21220
21225
21240
21242
21249
21251
21251
21252
21255
21261
21263
21269
21270
21272
21273
21277
21283
21284
21293
21296
21301
21311
21328
21330
21331
21333
21334
21343
21347
21348
21349
21353
21355
21367
21372
21374
21378
21381
21387
21388
21388
21399
21404
21410
21417
21420
21423
21433
21437
21441
21443
21443
21445
21448
21451
21451
21451
21456
21456
21458
21460
21464
21465
21467
21467
21472
21478
21489
21489
21491
21494
21499
21499
21503
21504
21504
21505
21512
21515
21523
21525
21557
21560
21566
21573
21574
21584
21607
21609
21619
21619
21622
21637
21646
21652
21658
21659
21662
21666
21673
21678
21678
21679
21688
21689
21691
21692
21694
21700
21702
21706
21715
21723
21726
21731
21733
21733
21748
21749
21753
21761
21767
21768
21769
21773
21776
21779
21780
21786
21790
21806
21809
21811
21820
21824
21827
21829
21830
21833
21842
21847
21851
21865
21867
21883
21890
21894
21895
21896
21898
21903
21909
21909
21911
21918
21920
21931
21939
21958
21961
21962
21970
21974
21984
21991
21997
22012
22016
22018
22018
22021
22024
22024
22032
22035
22054
22057
22058
22062
22067
22075
22079
22080
22083
22086
22089
22097
22100
22106
22107
22109
22110
22112
22130
22133
22135
22138
22140
22148
22152
22162
22163
22163
22166
22175
22177
22179
22186
22187
22196
22212
22218
22233
22236
22237
22242
22253
22261
22266
22270
22279
22291
22306
22308
22320
22331
22331
22332
22339
22341
22350
22351
22354
22357
22363
22368
22377
22393
22406
22407
22412
22415
22425
22429
22433
22434
22441
22450
22450
22457
22459
22465
22471
22471
22475
22481
22488
22496
22504
22508
22515
22522
22533
22534
22549
22551
22556
22576
22582
22590
22590
22596
22599
22600
22601
22601
22612
22620
22621
22623
22623
22626
22630
22631
22632
22636
22637
22638
22649
22654
22658
22665
22665
22668
22672
22676
22677
22683
22685
22687
22687
22689
22692
22696
22698
22700
22700
22731
22735
22735
22737
22742
22744
22747
22748
22749
22751
22759
22761
22764
22768
22774
22779
22789
22793
22795
22796
22797
22799
22803
22811
22813
22819
22824
22827
22833
22841
22842
22845
22847
22854
22862
22867
22868
22871
22874
22876
22882
22883
22892
22902
22916
22926
22940
22942
22944
22946
22949
22950
22954
22960
22962
22963
22969
22977
22983
22986
22990
22994
23000
23009
23010
23013
23014
23023
23027
23032
23053
23053
23080
23088
23090
23110
23115
23124
23130
23135
23137
23162
23167
23174
23186
23197
23198
23218
23223
23230
23232
23237
23239
23243
23244
23250
23251
23251
23253
23261
23264
23265
23268
23273
23275
23311
23313
23316
23321
23334
23335
23337
23340
23346
23347
23378
23382
23385
23388
23393
23395
23402
23403
23409
23409
23422
23426
23431
23435
23439
23442
23466
23470
23471
23471
23472
23475
23476
23482
23487
23489
23492
23498
23499
23500
23502
23505
23505
23512
23515
23516
23516
23518
23526
23533
23538
23541
23548
23548
23559
23559
23573
23576
23576
23582
23610
23625
23648
23654
23660
23664
23667
23668
23675
23678
23685
23706
23723
23732
23735
23743
23744
23753
23759
23760
23763
23764
23767
23767
23771
23773
23782
23794
23801
23803
23807
23807
23814
23815
23817
23825
23830
23845
23848
23854
23861
23864
23864
23870
23873
23885
23897
23897
23900
23902
23907
23909
23910
23913
23922
23925
23925
23927
23933
23939
23942
23942
23944
23947
23948
23953
23968
23978
23979
23981
23981
23984
23989
23989
23992
23993
23999
24000
24001
24003
24008
24013
24018
24019
24032
24039
24039
24045
24047
24058
24061
24069
24072
24082
24087
24091
24096
24103
24103
24110
24114
24115
24119
24120
24120
24122
24124
24128
24136
24144
24145
24146
24149
24160
24161
24161
24162
24163
24163
24175
24187
24189
24194
24198
24200
24204
24214
24220
24222
24226
24230
24238
24247
24248
24278
24288
24291
24303
24311
24323
24331
24336
24340
24341
24347
24348
24348
24364
24365
24367
24371
24377
24379
24379
24380
24382
24393
24393
24398
24401
24402
24407
24413
24418
24418
24420
24422
24425
24432
24434
24435
24444
24447
24448
24451
24455
24468
24469
24476
24481
24484
24487
24487
24487
24490
24495
24500
24513
24518
24523
24523
24537
24544
24556
24559
24567
24569
24575
24583
24584
24584
24588
24590
24594
24598
24613
24620
24621
24623
24627
24632
24639
24640
24640
24652
24652
24669
24673
24674
24674
24678
24685
24690
24690
24692
24698
24699
24701
24705
24719
24724
24726
24735
24736
24743
24752
24766
24769
24769
24773
24777
24786
24786
24796
24803
24822
24826
24828
24836
24844
24850
24851
24862
24864
24865
24865
24882
24890
24906
24907
24910
24912
24919
24928
24934
24941
24945
24946
24948
24959
24960
24961
24961
24964
24976
24983
24983
25001
25001
25006
25008
25010
25017
25019
25021
25025
25027
25033
25035
25047
25049
25053
25055
25057
25063
25065
25067
25070
25072
25085
25086
25087
25089
25098
25103
25127
25150
25152
25163
25167
25171
25173
25198
25202
25208
25208
25210
25212
25214
25220
25221
25222
25232
25239
25241
25249
25251
25255
25277
25280
25284
25286
25287
25289
25290
25293
25296
25304
25308
25312
25317
25319
25320
25324
25332
25337
25339
25349
25355
25362
25369
25371
25375
25378
25378
25383
25404
25406
25408
25411
25415
25418
25435
25435
25436
25437
25439
25448
25454
25457
25461
25467
25467
25472
25477
25478
25484
25493
25496
25505
25506
25506
25508
25514
25520
25521
25522
25527
25533
25539
25542
25544
25546
25546
25546
25547
25557
25564
25569
25569
25573
25574
25578
25584
25589
25590
25591
25591
25596
25596
25597
25598
25608
25612
25628
25631
25654
25658
25673
25684
25687
25692
25692
25704
25708
25708
25729
25733
25751
25753
25763
25779
25782
25782
25794
25794
25800
25800
25801
25801
25804
25806
25806
25807
25810
25815
25821
25830
25834
25836
25836
25840
25840
25842
25843
25873
25875
25881
25884
25896
25901
25902
25909
25909
25921
25921
25933
25936
25943
25962
25962
25966
25970
25984
25992
25993
25998
26002
26003
26006
26007
26028
26028
26036
26036
26045
26057
26062
26068
26071
26075
26084
26092
26097
26097
26098
26103
26115
26123
26147
26149
26151
26157
26160
26163
26165
26168
26170
26177
26180
26180
26185
26189
26191
26193
26196
26197
26203
26212
26213
26217
26221
26221
26223
26225
26227
26235
26242
26242
26245
26250
26255
26259
26262
26265
26268
26282
26284
26299
26301
26304
26307
26313
26314
26317
26319
26322
26328
26332
26333
26334
26345
26361
26361
26363
26366
26370
26372
26373
26376
26384
26391
26394
26409
26421
26422
26424
26428
26436
26438
26438
26442
26444
26449
26469
26473
26475
26475
26483
26490
26490
26491
26492
26499
26500
26515
26521
26522
26526
26531
26534
26536
26538
26539
26562
26569
26570
26577
26577
26577
26585
26586
26599
26606
26614
26616
26624
26624
26628
26646
26647
26655
26661
26664
26677
26681
26682
26691
26696
26698
26699
26702
26706
26708
26710
26723
26729
26731
26738
26741
26743
26747
26751
26762
26770
26772
26773
26774
26777
26782
26786
26787
26790
26790
26794
26802
26803
26806
26810
26813
26824
26831
26836
26849
26850
26853
26854
26855
26856
26856
26861
26863
26872
26873
26882
26888
26888
26888
26889
26892
26900
26903
26904
26920
26922
26931
26933
26933
26934
26941
26943
26956
26964
26966
26969
26972
26972
26973
26979
26983
26994
26997
26999
27001
27007
27015
27019
27020
27021
27027
27028
27038
27041
27044
27046
27048
27048
27051
27052
27053
27054
27054
27060
27068
27089
27093
27096
27097
27099
27109
27112
27131
27131
27132
27149
27151
27181
27187
27189
27193
27195
27196
27198
27203
27217
27222
27225
27225
27242
27246
27247
27260
27261
27263
27272
27273
27275
27282
27284
27286
27291
27302
27305
27307
27311
27312
27315
27318
27329
27332
27338
27351
27353
27360
27362
27374
27375
27381
27387
27394
27397
27399
27415
27419
27423
27423
27423
27424
27424
27424
27431
27436
27447
27464
27465
27491
27493
27494
27498
27510
27513
27521
27521
27547
27549
27550
27559
27562
27564
27574
27574
27592
27593
27596
27597
27599
27604
27605
27607
27612
27625
27630
27634
27638
27652
27654
27664
27664
27664
27667
27670
27670
27680
27680
27690
27690
27704
27704
27717
27722
27723
27725
27726
27747
27754
27755
27758
27760
27761
27763
27767
27770
27770
27777
27789
27792
27794
27797
27801
27811
27813
27822
27825
27825
27825
27829
27829
27831
27842
27845
27852
27862
27873
27874
27881
27884
27886
27887
27888
27894
27896
27898
27910
27917
27920
27921
27921
27928
27933
27934
27942
27961
27962
27968
27976
28002
28008
28010
28010
28011
28011
28016
28018
28023
28042
28053
28056
28061
28062
28071
28072
28075
28096
28096
28096
28104
28106
28107
28122
28125
28126
28127
28129
28130
28131
28137
28141
28146
28156
28170
28170
28172
28172
28183
28187
28188
28207
28208
28211
28217
28232
28240
28250
28250
28262
28267
28276
28279
28279
28316
28322
28332
28336
28345
28351
28358
28366
28379
28380
28387
28392
28405
28405
28407
28410
28412
28414
28422
28427
28435
28444
28444
28450
28452
28454
28456
28458
28463
28472
28473
28473
28474
28476
28480
28486
28487
28487
28489
28493
28508
28519
28520
28523
28527
28541
28543
28546
28551
28567
28574
28592
28601
28609
28614
28618
28632
28633
28635
28654
28654
28657
28667
28670
28671
28673
28673
28676
28676
28677
28678
28682
28690
28691
28692
28698
28698
28710
28711
28713
28715
28716
28725
28726
28727
28735
28740
28742
28743
28763
28775
28782
28791
28796
28800
28807
28830
28831
28831
28836
28843
28843
28860
28862
28879
28881
28895
28896
28898
28898
28898
28901
28907
28910
28911
28930
28934
28948
28949
28951
28951
28951
28955
28958
28966
28966
28970
28978
28982
28988
28988
28991
28992
29008
29011
29021
29035
29038
29039
29043
29044
29064
29065
29066
29069
29070
29073
29075
29075
29077
29078
29082
29083
29096
29096
29098
29110
29117
29120
29120
29130
29134
29136
29141
29142
29144
29144
29144
29145
29147
29158
29162
29164
29166
29171
29185
29190
29199
29204
29207
29216
29218
29218
29226
29239
29243
29243
29249
29251
29251
29251
29254
29265
29271
29272
29273
29277
29280
29284
29285
29288
29289
29292
29293
29298
29309
29312
29318
29339
29340
29350
29354
29356
29357
29375
29377
29382
29391
29392
29400
29403
29405
29409
29414
29421
29426
29432
29435
29436
29454
29460
29470
29481
29483
29488
29502
29504
29513
29518
29524
29524
29531
29542
29542
29551
29554
29559
29561
29562
29578
29578
29580
29586
29588
29594
29624
29634
29638
29641
29648
29652
29655
29662
29666
29667
29672
29676
29680
29682
29684
29693
29694
29696
29696
29701
29702
29714
29718
29722
29732
29733
29745
29746
29747
29748
29752
29754
29754
29763
29764
29768
29780
29780
29786
29795
29807
29809
29815
29818
29821
29824
29826
29827
29828
29829
29832
29832
29834
29845
29846
29847
29859
29860
29861
29866
29869
29869
29873
29879
29882
29887
29888
29889
29890
29895
29896
29896
29899
29900
29905
29908
29910
29910
29913
29914
29916
29918
29919
29920
29923
29927
29927
29927
29929
29935
29948
29952
29970
29977
29982
29988
29993
29996
29997
29998
29998
30006
30006
30019
30022
30024
30025
30044
30051
30056
30076
30078
30094
30105
30106
30115
30116
30132
30133
30134
30134
30142
30149
30152
30157
30169
30169
30178
30189
30190
30190
30192
30201
30202
30208
30212
30217
30217
30224
30227
30233
30250
30253
30267
30267
30270
30272
30276
30280
30280
30283
30285
30291
30295
30301
30302
30305
30307
30318
30321
30343
30345
30363
30370
30370
30379
30408
30410
30423
30424
30431
30433
30433
30437
30446
30451
30451
30455
30455
30456
30459
30468
30470
30477
30479
30482
30485
30500
30505
30507
30513
30516
30516
30519
30521
30529
30532
30540
30547
30552
30556
30575
30579
30584
30585
30590
30594
30604
30608
30612
30614
30617
30623
30624
30629
30631
30632
30636
30653
30655
30657
30666
30667
30668
30673
30674
30688
30691
30697
30697
30701
30702
30714
30729
30733
30742
30743
30745
30748
30750
30752
30765
30769
30772
30774
30778
30793
30795
30804
30808
30821
30822
30824
30830
30840
30843
30846
30849
30860
30867
30873
30874
30875
30877
30879
30893
30893
30911
30911
30913
30914
30914
30929
30933
30949
30959
30961
30962
30970
30970
30971
30977
30983
30983
30985
30993
30994
31000
31000
31000
31002
31008
31008
31012
31017
31022
31023
31039
31040
31041
31049
31054
31061
31062
31066
31077
31096
31101
31104
31114
31124
31132
31132
31149
31150
31154
31160
31164
31170
31175
31189
31192
31193
31203
31205
31208
31210
31220
31226
31227
31234
31239
31243
31244
31244
31254
31261
31267
31268
31270
31270
31280
31290
31293
31296
31302
31305
31308
31313
31326
31331
31345
31346
31351
31351
31357
31357
31372
31383
31385
31386
31390
31393
31394
31406
31409
31417
31420
31429
31434
31435
31437
31440
31443
31451
31453
31465
31480
31489
31490
31495
31509
31515
31522
31523
31524
31525
31527
31531
31540
31540
31547
31548
31549
31551
31554
31558
31565
31570
31571
31578
31582
31589
31590
31593
31596
31596
31601
31605
31611
31612
31616
31622
31628
31638
31640
31650
31661
31666
31668
31675
31676
31687
31689
31693
31704
31719
31720
31729
31729
31732
31735
31749
31765
31769
31772
31785
31787
31789
31791
31798
31800
31801
31811
31818
31825
31836
31837
31853
31859
31860
31866
31867
31871
31871
31882
31884
31894
31895
31904
31904
31909
31909
31921
31925
31931
31937
31938
31941
31958
31963
31971
31972
31979
31981
31995
31995
31996
31998
32015
32030
32033
32033
32034
32036
32037
32045
32049
32050
32050
32053
32058
32061
32066
32066
32070
32089
32092
32095
32111
32127
32139
32142
32144
32152
32153
32158
32168
32169
32199
32212
32216
32220
32228
32241
32245
32245
32249
32255
32258
32264
32265
32266
32267
32271
32274
32281
32283
32284
32293
32299
32299
32300
32303
32307
32312
32316
32318
32318
32319
32322
32324
32337
32337
32341
32341
32343
32350
32355
32361
32363
32382
32383
32389
32397
32398
32399
32405
32408
32412
32419
32422
32429
32450
32458
32463
32464
32468
32473
32474
32475
32481
32483
32487
32494
32497
32497
32499
32507
32519
32520
32528
32528
32531
32541
32552
32556
32558
32580
32588
32590
32591
32592
32593
32604
32608
32609
32610
32614
32614
32615
32616
32619
32631
32653
32660
32668
32675
32683
32688
32698
32707
32710
32714
32725
32730
32731
32736
32737
32746
32757
32766
32768
32774
32776
32780
32781
32782
32787
32789
32797
32798
32805
32805
32808
32810
32811
32818
32828
32837
32840
32850
32857
32862
32863
32871
32876
32882
32895
32904
32905
32912
32920
32938
32938
32946
32948
32953
32954
32954
32956
32963
32973
32976
32976
32979
32980
32989
32990
32993
33000
33003
33003
33009
33026
33031
33041
33043
33044
33059
33066
33068
33070
33072
33077
33092
33094
33103
33111
33112
33126
33133
33137
33145
33149
33149
33151
33152
33169
33173
33177
33178
33192
33215
33222
33225
33232
33232
33234
33237
33239
33251
33254
33257
33258
33266
33267
33269
33284
33291
33293
33298
33299
33299
33311
33330
33335
33339
33351
33359
33360
33364
33367
33375
33379
33382
33386
33392
33394
33398
33400
33403
33407
33407
33408
33412
33413
33424
33431
33435
33436
33437
33442
33448
33449
33459
33462
33473
33475
33478
33479
33491
33491
33505
33508
33511
33511
33523
33524
33530
33531
33533
33535
33537
33547
33548
33549
33553
33556
33560
33562
33567
33567
33568
33592
33596
33601
33602
33602
33605
33609
33610
33611
33614
33614
33615
33620
33621
33628
33628
33628
33631
33635
33637
33643
33647
33661
33663
33667
33687
33688
33690
33692
33709
33711
33725
33730
33731
33733
33738
33738
33746
33747
33752
33754
33754
33758
33761
33763
33772
33778
33779
33782
33787
33797
33798
33809
33817
33830
33833
33839
33848
33855
33878
33900
33901
33902
33906
33907
33910
33915
33919
33923
33925
33925
33927
33929
33943
33950
33952
33954
33966
33971
33976
33989
33992
33995
33998
34019
34026
34029
34045
34051
34052
34057
34060
34064
34066
34072
34083
34083
34090
34098
34098
34099
34105
34108
34116
34120
34123
34124
34128
34143
34157
34162
34162
34170
34172
34175
34176
34185
34190
34190
34191
34192
34194
34196
34203
34205
34207
34210
34213
34215
34216
34217
34218
34220
34224
34227
34227
34228
34243
34244
34247
34248
34249
34255
34256
34267
34270
34283
34290
34294
34296
34306
34308
34310
34317
34321
34322
34326
34331
34349
34363
34369
34378
34390
34399
34407
34416
34419
34436
34439
34451
34452
34458
34478
34492
34494
34498
34506
34511
34515
34517
34520
34534
34539
34540
34543
34552
34552
34554
34558
34561
34570
34572
34575
34581
34590
34592
34593
34596
34602
34612
34620
34626
34626
34626
34628
34632
34635
34640
34641
34648
34650
34663
34666
34668
34680
34683
34692
34700
34705
34706
34713
34719
34720
34723
34724
34729
34734
34738
34739
34741
34745
34757
34757
34758
34773
34777
34780
34781
34782
34786
34791
34792
34794
34796
34797
34797
34801
34819
34820
34825
34828
34829
34839
34844
34845
34850
34856
34868
34878
34883
34884
34890
34890
34890
34895
34895
34905
34908
34909
34910
34922
34924
34925
34926
34929
34931
34938
34939
34939
34950
34950
34952
34957
34966
34969
34972
34977
34982
34984
34984
34995
35000
35004
35007
35018
35028
35037
35043
35046
35047
35056
35058
35058
35058
35061
35072
35076
35079
35106
35109
35110
35110
35117
35122
35122
35125
35130
35131
35132
35148
35154
35165
35177
35183
35189
35191
35193
35197
35200
35202
35203
35207
35209
35211
35212
35212
35213
35216
35220
35225
35231
35234
35235
35239
35239
35239
35249
35261
35262
35288
35295
35299
35305
35306
35308
35311
35315
35319
35325
35330
35344
35344
35346
35346
35354
35361
35363
35372
35376
35377
35379
35384
35387
35390
35396
35401
35402
35403
35413
35428
35437
35441
35448
35449
35450
35452
35453
35456
35468
35474
35476
35480
35485
35490
35494
35503
35505
35511
35514
35517
35519
35519
35521
35523
35541
35547
35551
35559
35561
35578
35616
35623
35627
35631
35632
35633
35635
35636
35645
35648
35649
35650
35652
35674
35676
35677
35684
35696
35696
35706
35722
35723
35727
35742
35752
35752
35759
35760
35762
35764
35766
35769
35775
35776
35789
35791
35794
35796
35804
35812
35825
35831
35835
35839
35844
35850
35855
35856
35864
35867
35872
35876
35877
35877
35877
35880
35881
35881
35884
35884
35895
35901
35901
35905
35908
35910
35914
35916
35944
35954
35956
35958
35958
35958
35962
35973
35976
35976
35977
35978
35980
35992
35993
35996
35998
36006
36008
36012
36026
36029
36033
36034
36043
36043
36048
36058
36086
36086
36090
36093
36103
36119
36123
36124
36124
36129
36145
36147
36148
36148
36149
36150
36151
36156
36159
36160
36164
36164
36171
36177
36184
36188
36189
36190
36195
36202
36209
36213
36215
36229
36237
36239
36239
36247
36254
36256
36260
36263
36265
36269
36272
36276
36276
36277
36277
36278
36282
36282
36289
36291
36296
36296
36308
36314
36327
36327
36329
36350
36352
36352
36354
36358
36369
36371
36371
36372
36377
36382
36386
36387
36400
36400
36413
36421
36423
36424
36426
36442
36443
36455
36458
36462
36484
36486
36487
36489
36493
36498
36511
36514
36522
36528
36529
36532
36540
36547
36547
36547
36553
36554
36554
36560
36561
36564
36570
36575
36581
36585
36598
36600
36605
36606
36612
36617
36620
36622
36624
36630
36634
36639
36648
36649
36654
36657
36668
36669
36680
36680
36688
36692
36695
36704
36711
36712
36713
36715
36718
36723
36724
36727
36739
36741
36742
36746
36748
36752
36762
36763
36773
36774
36776
36782
36785
36787
36788
36793
36796
36798
36806
36810
36811
36811
36813
36819
36822
36834
36841
36841
36848
36863
36866
36866
36870
36875
36880
36881
36881
36883
36883
36884
36888
36889
36906
36913
36914
36919
36923
36927
36930
36931
36934
36936
36940
36944
36953
36955
36955
36961
36970
36979
36980
36983
36992
36993
36999
37001
37012
37018
37019
37021
37028
37029
37034
37042
37050
37055
37057
37071
37074
37078
37078
37080
37084
37086
37088
37092
37095
37097
37098
37099
37107
37109
37115
37117
37117
37120
37121
37122
37126
37136
37136
37136
37140
37145
37151
37154
37161
37164
37168
37168
37171
37177
37180
37186
37186
37190
37194
37198
37199
37201
37206
37213
37216
37217
37229
37230
37250
37252
37258
37259
37265
37276
37279
37284
37290
37291
37294
37296
37300
37302
37303
37304
37305
37309
37310
37311
37318
37324
37325
37330
37333
37335
37335
37346
37351
37355
37361
37368
37378
37409
37410
37410
37412
37415
37430
37430
37434
37438
37445
37447
37448
37452
37459
37467
37469
37474
37480
37491
37495
37499
37503
37503
37504
37506
37508
37508
37509
37519
37522
37535
37537
37545
37545
37547
37557
37567
37572
37576
37578
37585
37590
37592
37593
37594
37595
37615
37616
37617
37620
37621
37626
37630
37642
37645
37645
37647
37650
37653
37658
37658
37663
37663
37664
37664
37668
37669
37671
37678
37680
37701
37705
37709
37711
37718
37719
37721
37723
37729
37735
37737
37740
37741
37743
37744
37745
37746
37753
37757
37761
37762
37762
37763
37765
37768
37768
37777
37786
37789
37790
37793
37793
37802
37807
37811
37812
37817
37825
37825
37826
37840
37846
37848
37855
37860
37861
37864
37868
37875
37888
37890
37895
37897
37898
37898
37900
37903
37913
37916
37920
37927
37943
37945
37947
37948
37953
37959
37962
37967
37968
37969
37975
37981
37983
37985
37993
37994
37999
38022
38022
38025
38029
38030
38032
38046
38048
38052
38061
38063
38078
38094
38100
38102
38108
38110
38114
38118
38132
38138
38141
38141
38146
38148
38148
38148
38151
38161
38165
38172
38174
38174
38180
38185
38228
38234
38235
38237
38243
38251
38259
38277
38277
38280
38280
38281
38283
38287
38287
38289
38304
38304
38318
38322
38330
38330
38346
38348
38352
38361
38361
38367
38367
38375
38382
38385
38396
38397
38398
38410
38415
38415
38420
38422
38424
38427
38430
38434
38447
38447
38450
38458
38460
38469
38472
38475
38479
38480
38511
38526
38535
38536
38544
38546
38547
38559
38569
38572
38574
38576
38578
38578
38582
38609
38618
38627
38632
38635
38636
38639
38642
38653
38655
38658
38664
38670
38673
38673
38682
38685
38688
38698
38702
38719
38725
38743
38744
38752
38757
38764
38766
38774
38785
38791
38794
38794
38798
38801
38836
38838
38851
38852
38863
38863
38864
38868
38874
38876
38889
38890
38893
38893
38893
38898
38902
38904
38908
38910
38913
38914
38918
38921
38932
38935
38941
38942
38952
38962
38964
38966
38968
38969
38970
38979
38982
38987
38987
38994
38999
39000
39004
39008
39009
39010
39013
39014
39014
39014
39017
39026
39028
39034
39034
39035
39036
39056
39074
39076
39084
39086
39091
39092
39094
39102
39107
39109
39123
39125
39127
39142
39142
39148
39148
39170
39173
39177
39196
39213
39213
39215
39221
39239
39243
39245
39246
39247
39255
39255
39258
39262
39263
39265
39269
39270
39273
39279
39291
39294
39295
39296
39297
39301
39301
39303
39305
39309
39313
39342
39348
39350
39355
39362
39371
39375
39378
39380
39388
39394
39402
39405
39407
39434
39434
39435
39446
39446
39447
39453
39469
39490
39495
39497
39509
39534
39538
39538
39542
39543
39545
39562
39563
39563
39568
39569
39578
39587
39590
39592
39597
39602
39606
39611
39616
39617
39629
39630
39632
39632
39637
39641
39665
39678
39683
39690
39691
39691
39704
39707
39715
39720
39721
39721
39730
39730
39733
39737
39737
39742
39744
39747
39748
39750
39758
39767
39771
39772
39774
39778
39799
39800
39800
39801
39810
39810
39813
39817
39823
39823
39825
39825
39846
39869
39870
39873
39885
39893
39895
39900
39907
39920
39925
39934
39941
39943
39943
39944
39952
39958
39966
39971
39982
39984
39991
39992
40002
40002
40008
40010
40014
40016
40017
40018
40022
40022
40025
40027
40035
40045
40046
40047
40057
40058
40078
40090
40092
40099
40100
40101
40106
40120
40125
40126
40128
40130
40134
40137
40137
40140
40146
40150
40152
40163
40167
40175
40181
40184
40193
40199
40203
40209
40210
40210
40212
40222
40223
40223
40235
40236
40237
40239
40242
40249
40254
40263
40263
40266
40269
40269
40279
40280
40291
40293
40294
40298
40309
40324
40326
40332
40333
40337
40345
40347
40349
40358
40361
40364
40366
40367
40386
40391
40394
40395
40400
40402
40408
40416
40417
40423
40425
40427
40429
40430
40440
40442
40448
40449
40469
40479
40480
40486
40495
40497
40498
40499
40502
40511
40514
40516
40518
40522
40527
40529
40543
40555
40558
40561
40577
40577
40579
40584
40586
40591
40607
40607
40607
40612
40615
40630
40631
40634
40636
40648
40651
40659
40676
40676
40677
40682
40684
40690
40696
40699
40700
40703
40713
40723
40723
40724
40730
40731
40733
40735
40744
40761
40766
40766
40773
40776
40781
40782
40792
40812
40821
40823
40830
40831
40838
40848
40849
40853
40863
40865
40865
40871
40883
40887
40887
40891
40897
40905
40910
40910
40924
40926
40927
40937
40941
40943
40955
40974
40978
40980
40986
40994
40999
41009
41018
41025
41028
41049
41058
41067
41082
41086
41093
41113
41123
41124
41124
41125
41132
41135
41141
41142
41145
41150
41151
41155
41158
41161
41162
41162
41163
41163
41168
41173
41175
41175
41180
41189
41203
41210
41224
41231
41235
41236
41240
41251
41265
41274
41278
41279
41286
41288
41296
41297
41302
41303
41303
41305
41305
41312
41317
41319
41327
41328
41335
41335
41346
41350
41356
41360
41360
41365
41368
41380
41382
41384
41393
41401
41401
41405
41410
41413
41426
41428
41428
41430
41435
41450
41451
41452
41453
41455
41457
41465
41472
41475
41475
41480
41489
41491
41492
41505
41505
41507
41511
41516
41526
41528
41528
41535
41539
41545
41562
41569
41580
41582
41582
41584
41591
41593
41603
41604
41608
41610
41612
41614
41616
41620
41639
41650
41654
41658
41675
41683
41684
41687
41688
41688
41695
41699
41704
41720
41721
41731
41733
41733
41734
41735
41744
41754
41764
41764
41769
41771
41789
41792
41800
41806
41808
41813
41813
41826
41828
41830
41835
41840
41845
41854
41856
41869
41872
41876
41877
41889
41892
41892
41894
41900
41902
41905
41909
41914
41915
41916
41919
41920
41922
41926
41948
41952
41954
41955
41956
41957
41958
41961
41962
41966
41975
41975
41978
41981
41990
41998
41999
42003
42004
42008
42018
42022
42023
42029
42034
42037
42059
42063
42065
42065
42066
42068
42071
42076
42089
42090
42097
42104
42104
42110
42111
42114
42126
42127
42131
42142
42145
42148
42148
42149
42153
42154
42156
42161
42174
42175
42178
42196
42197
42199
42202
42206
42212
42214
42215
42218
42218
42234
42235
42242
42245
42246
42246
42248
42249
42250
42252
42253
42257
42284
42287
42295
42301
42301
42302
42303
42303
42305
42311
42315
42323
42331
42337
42338
42340
42343
42348
42353
42370
42371
42375
42379
42384
42387
42391
42395
42402
42402
42403
42403
42408
42417
42428
42432
42437
42449
42453
42454
42457
42457
42462
42466
42478
42479
42485
42491
42502
42504
42504
42508
42508
42509
42514
42515
42515
42540
42543
42549
42561
42564
42568
42572
42576
42586
42587
42589
42591
42601
42604
42607
42611
42620
42621
42623
42629
42633
42636
42649
42659
42662
42665
42668
42674
42681
42682
42683
42684
42690
42691
42701
42703
42707
42707
42719
42724
42732
42743
42747
42758
42761
42764
42780
42799
42803
42804
42811
42830
42833
42834
42835
42835
42838
42843
42847
42852
42853
42856
42861
42866
42879
42879
42889
42894
42907
42916
42921
42924
42926
42930
42935
42940
42943
42953
42958
42958
42962
42965
42976
42977
42979
42986
42986
42987
43004
43007
43018
43019
43021
43022
43024
43030
43032
43034
43038
43040
43045
43051
43054
43057
43060
43067
43067
43071
43071
43086
43089
43093
43100
43113
43121
43129
43130
43139
43142
43147
43154
43164
43173
43174
43178
43185
43192
43200
43207
43208
43208
43214
43216
43216
43219
43223
43226
43230
43230
43238
43244
43249
43251
43253
43260
43262
43263
43268
43268
43276
43278
43281
43283
43288
43298
43301
43306
43308
43311
43312
43314
43338
43346
43349
43357
43370
43370
43381
43383
43396
43401
43402
43407
43407
43409
43419
43429
43431
43433
43440
43446
43451
43457
43458
43462
43465
43466
43467
43469
43469
43470
43473
43479
43481
43496
43501
43510
43514
43531
43533
43544
43551
43551
43559
43560
43561
43562
43563
43567
43570
43574
43577
43580
43583
43602
43608
43641
43644
43650
43651
43654
43658
43664
43675
43680
43689
43692
43694
43696
43698
43701
43702
43710
43716
43718
43719
43729
43741
43741
43749
43751
43755
43758
43759
43763
43765
43771
43773
43793
43799
43808
43811
43813
43815
43822
43823
43824
43826
43830
43837
43838
43845
43849
43857
43861
43864
43882
43894
43900
43901
43908
43908
43915
43916
43917
43917
43917
43921
43923
43924
43926
43928
43931
43942
43946
43948
43949
43956
43961
43969
43975
43980
43992
44003
44004
44008
44008
44011
44019
44021
44034
44036
44042
44045
44054
44056
44063
44067
44069
44071
44075
44078
44078
44094
44098
44100
44103
44122
44124
44124
44130
44138
44142
44144
44147
44163
44168
44169
44176
44176
44178
44184
44200
44202
44206
44209
44210
44224
44225
44232
44234
44234
44241
44255
44269
44275
44286
44288
44289
44293
44309
44312
44315
44320
44321
44321
44329
44329
44334
44335
44335
44339
44343
44349
44350
44356
44358
44363
44363
44375
44376
44377
44381
44384
44387
44396
44407
44408
44418
44424
44427
44427
44429
44438
44440
44443
44444
44444
44445
44445
44455
44474
44478
44491
44492
44493
44495
44501
44502
44511
44518
44518
44519
44528
44529
44531
44538
44547
44548
44548
44549
44552
44560
44572
44574
44591
44597
44599
44601
44603
44605
44613
44615
44644
44645
44666
44678
44689
44690
44695
44701
44715
44716
44723
44732
44743
44747
44753
44760
44765
44770
44771
44772
44796
44797
44808
44808
44808
44808
44810
44811
44815
44819
44821
44827
44827
44828
44829
44831
44833
44835
44837
44851
44852
44858
44861
44864
44867
44868
44869
44873
44877
44878
44882
44884
44884
44893
44902
44906
44907
44910
44917
44920
44929
44937
44944
44944
44949
44969
44969
44980
44983
44984
44991
44992
44993
44997
45004
45004
45004
45011
45013
45027
45028
45034
45037
45048
45049
45049
45056
45065
45072
45075
45083
45093
45093
45094
45102
45105
45105
45108
45108
45110
45111
45121
45124
45129
45133
45137
45137
45139
45146
45150
45164
45168
45182
45192
45197
45204
45208
45210
45216
45217
45228
45244
45248
45267
45274
45281
45294
45301
45305
45307
45313
45318
45319
45326
45331
45335
45337
45341
45345
45352
45357
45358
45372
45375
45387
45396
45396
45398
45413
45419
45420
45424
45427
45428
45433
45438
45441
45442
45445
45445
45458
45461
45462
45462
45465
45470
45470
45475
45477
45485
45491
45506
45509
45510
45512
45515
45517
45526
45530
45536
45546
45547
45554
45561
45565
45577
45616
45617
45630
45641
45643
45652
45653
45658
45659
45660
45661
45665
45669
45677
45684
45685
45685
45685
45700
45701
45706
45713
45714
45723
45723
45741
45742
45752
45753
45753
45756
45757
45758
45760
45761
45770
45773
45780
45782
45784
45790
45800
45807
45807
45819
45827
45830
45839
45841
45852
45856
45857
45861
45862
45883
45896
45899
45905
45908
45912
45913
45915
45919
45921
45927
45931
45935
45940
45953
45953
45959
45965
45965
45970
45981
45983
45984
45984
45985
45992
45996
46011
46011
46011
46021
46033
46036
46039
46043
46043
46056
46058
46060
46063
46064
46077
46079
46081
46086
46091
46099
46099
46100
46104
46111
46128
46129
46130
46151
46162
46164
46175
46178
46179
46184
46187
46196
46201
46203
46207
46218
46218
46222
46226
46236
46246
46248
46250
46255
46276
46287
46287
46293
46295
46313
46314
46319
46321
46327
46330
46332
46337
46344
46345
46348
46363
46365
46365
46367
46369
46373
46379
46381
46388
46388
46390
46393
46405
46406
46412
46413
46418
46422
46430
46432
46436
46438
46448
46462
46466
46467
46468
46472
46476
46479
46480
46483
46486
46487
46508
46512
46517
46518
46521
46522
46522
46523
46528
46531
46543
46543
46561
46563
46567
46568
46569
46569
46572
46602
46604
46605
46606
46606
46607
46620
46621
46625
46627
46627
46634
46643
46645
46652
46656
46658
46659
46659
46660
46671
46678
46683
46684
46686
46688
46689
46689
46692
46699
46699
46707
46712
46715
46722
46729
46731
46735
46746
46747
46751
46752
46754
46760
46763
46765
46765
46766
46781
46784
46787
46791
46792
46793
46795
46803
46806
46821
46828
46845
46852
46875
46880
46895
46903
46909
46919
46921
46921
46922
46923
46926
46929
46935
46937
46939
46941
46942
46958
46964
46965
46965
46965
46989
47000
47002
47013
47021
47021
47026
47027
47027
47045
47047
47048
47054
47054
47054
47067
47071
47093
47099
47107
47110
47115
47115
47134
47148
47157
47170
47184
47185
47186
47186
47189
47204
47208
47212
47213
47214
47219
47219
47219
47221
47221
47222
47228
47238
47241
47269
47275
47277
47277
47284
47293
47294
47296
47301
47305
47308
47320
47330
47334
47343
47345
47354
47356
47360
47360
47365
47366
47374
47378
47388
47394
47397
47399
47406
47411
47413
47415
47419
47426
47435
47435
47445
47448
47449
47463
47466
47467
47471
47479
47487
47489
47495
47500
47503
47513
47514
47515
47516
47516
47517
47519
47524
47524
47525
47528
47532
47534
47540
47546
47559
47560
47565
47571
47579
47587
47605
47623
47633
47639
47641
47643
47644
47647
47650
47667
47671
47683
47684
47691
47698
47701
47726
47730
47731
47739
47743
47749
47751
47751
47757
47760
47760
47770
47779
47779
47786
47794
47795
47798
47798
47806
47810
47811
47811
47819
47835
47836
47844
47847
47849
47854
47855
47858
47861
47867
47867
47881
47884
47884
47887
47888
47889
47890
47898
47904
47908
47913
47913
47916
47919
47920
47924
47932
47933
47963
47963
47978
47980
47988
47988
48007
48011
48013
48015
48015
48025
48031
48032
48036
48037
48039
48039
48042
48043
48046
48061
48067
48073
48082
48088
48097
48097
48099
48113
48116
48123
48135
48143
48148
48152
48152
48154
48167
48168
48183
48185
48187
48187
48196
48197
48202
48207
48212
48213
48218
48219
48225
48240
48242
48242
48242
48246
48248
48249
48250
48251
48252
48252
48253
48259
48261
48265
48270
48270
48281
48282
48288
48298
48303
48306
48311
48320
48326
48333
48335
48337
48343
48346
48353
48357
48363
48368
48373
48375
48380
48382
48382
48384
48386
48387
48388
48395
48405
48409
48414
48416
48425
48433
48440
48447
48447
48464
48467
48471
48472
48473
48476
48478
48490
48502
48511
48514
48517
48519
48527
48539
48546
48548
48553
48556
48565
48568
48573
48574
48584
48587
48591
48593
48603
48603
48609
48618
48622
48626
48626
48629
48632
48640
48640
48648
48649
48655
48659
48660
48660
48662
48667
48668
48675
48675
48675
48677
48684
48687
48696
48703
48704
48709
48710
48716
48720
48721
48725
48728
48737
48738
48738
48739
48741
48746
48756
48761
48771
48774
48778
48784
48789
48793
48794
48796
48797
48799
48808
48811
48812
48815
48817
48821
48821
48827
48828
48829
48833
48837
48837
48842
48844
48844
48853
48853
48858
48859
48865
48867
48874
48874
48885
48893
48897
48910
48911
48914
48915
48918
48926
48927
48933
48938
48941
48957
48962
48962
48963
48966
48967
48974
48975
48982
48989
48993
48997
49003
49009
49011
49022
49023
49023
49027
49029
49030
49030
49035
49035
49036
49038
49052
49056
49063
49082
49084
49087
49087
49087
49089
49089
49107
49113
49113
49114
49115
49119
49123
49134
49141
49144
49149
49154
49154
49158
49159
49188
49190
49198
49199
49203
49206
49206
49225
49227
49231
49234
49237
49238
49244
49244
49245
49245
49257
49267
49267
49267
49274
49276
49276
49278
49278
49282
49283
49284
49308
49310
49312
49320
49329
49332
49337
49340
49345
49349
49355
49356
49363
49368
49371
49375
49380
49386
49390
49392
49398
49401
49410
49410
49419
49420
49421
49428
49431
49432
49437
49440
49445
49451
49452
49455
49457
49458
49474
49474
49477
49480
49482
49485
49505
49528
49530
49538
49542
49544
49546
49556
49558
49558
49559
49560
49591
49592
49595
49598
49607
49610
49618
49620
49638
49640
49647
49647
49650
49654
49659
49659
49660
49660
49661
49661
49667
49671
49671
49673
49682
49683
49689
49690
49691
49696
49701
49703
49705
49718
49718
49720
49722
49724
49724
49736
49741
49742
49743
49744
49756
49759
49764
49764
49766
49768
49771
49772
49778
49780
49785
49789
49793
49795
49807
49809
49809
49817
49825
49827
49827
49834
49834
49835
49841
49848
49848
49859
49859
49860
49863
49863
49867
49868
49870
49877
49903
49904
49910
49910
49914
49916
49928
49929
49940
49944
49946
49949
49958
49960
49969
49969
49988
49998
